class	1-CA2a	1-CH2a	1-Ea	1-PA2a	1-PH1a	2-CA2a	2-CH1b	2-Ea	2-PA1b	2-PH2a	3-CA1b	3-CH2a	3-Eb	3-PA1a	3-PH1b	4-CA1a	4-CH1a	4-Ea	4-PA2a	4-PH1b	blank-060823STillcus515F	mock-060823STillcus515F	
bacillariophyceae	0.0760211689716674951024823800	0.0029388426837511388015399500	0.0909250894585557576113099100	0.0176782557454331172657631100	0.0032988058322887114864419100	0.0264565818096301957787053900	0	0.2651738361814967589864466700	0	0	0	0	0.0058190282222868780913587400	0.1569607277852520981485040700	0	0.0294065753102393695230253500	0	0.18040932213415355495090500	0	0.0030270008475602373168664500	0	0
coscinodiscophyceae	0.0116955644571796146311511400	0	0	0	0	0	0	0.1443724219210371243370654100	0	0	0	0	0	0	0	0	0	0.289837927363066366970306400	0	0	0	0
eurotiomycetes	0	0	0	0	0	0	0	0	0	0	0	0	0	0	0	0.0646944656825266129506557700	0	0	0	0	0	0
anthozoa	0.7134294318879564925002192900	1.3459899491580215711052987300	0.5719481433683346043292074900	3.730111962286387743076016500	0.1286534274592597479712344100	1.2463989652536892233523428800	0	3.9864466705951679434295816100	1.4947368421052631578947368400	0.0029848964240940839352874500	0.4669006126211859870338428600	2.1996961906987613928487964500	1.6816991562409077684026767500	1.2909219040297264398744314200	0.0059431831689052656602876500	6.210668705522554843262953600	1.372800	5.8292913758428960132497338200	12.912104172832198875406925130	0	0	0
mediophyceae	0.0789450600859623987602701700	0	0	0	0	0	0	0.0235710076605774896876841500	0.0120300751879699248120300800	0	0	0	0.0523712540005819028222286900	0.0448459222243577423281440200	0	0.0058813150620478739046050700	0	0.0680231870341890453093576200	0	0	0	0
fusobacteriia	0.0029238911142949036577877800	0	0.0087992022056666862204493500	0	0.0065976116645774229728838200	0	61.288976331008167888869015680	0	0.1263157894736842105263157900	0.367142260163572324040355800	0.0089216677570927258668887200	0	0.020366598778004073319755600	0	15.844526328301438250326875070	0	0	0	0	19.297130403196512895023610610	0.0619341138997847052231102700	0
lentisphaeria	0	0.0264495841537602492138595800	0	0	0.0197928349937322689186514500	0.0058792404021400435063789800	0	0	0	0	0	0.2044870296798317363870063100	0	0	0	0	0.025600	0	0	0	0	0
clostridia	0.0204672378000643256045144900	0.0235107414700091104123196300	0	0.1119622863877430760164997100	30.095005607969914890809526950	0	2.7663506826447266440112084900	0	0.2947368421052631578947368400	10.241179631066801981971225600	0.0267650032712781776006661500	0.0993222715587754148165459200	0.0058190282222868780913587400	0.7431609968607854442949580400	0.023772732675621062641150600	0	1.043200	0	0.171648416691328795501627700	7.455503087540864511442063200	0	0
epsilonproteobacteria	0.0204672378000643256045144900	0.0058776853675022776030799100	0	0	0.0890677574717952101339315200	0.0911282262331706743488741300	0	0	0	0	0.1962766906560399690715517800	0.0292124328114045337695723300	0	0.0064065603177653917611634300	0.0267443242600736954712944300	0	0.067200	0	0	0.0030270008475602373168664500	0	0
bacteroidia	0.0058477822285898073155755700	0.0352661122050136656184794400	0	0.0412492634060106069534472600	2.2003034901365705614567526600	0.0088188606032100652595684600	8.355690693376259464615751510	0	0.0721804511278195488721804500	4.8653811712733568145185362100	0.0118955570094569678225182900	0.0204487029679831736387006300	0	0.0320328015888269588058171600	1.1292048020920004754546535100	0.0264659177792154325707228100	2.060800	0	0.0503107428233205090263391500	3.9229930984380675626589175400	0	0
oligoflexia	0	0	0	0.0206246317030053034767236300	0.0032988058322887114864419100	0.0264565818096301957787053900	0	0	0	0	0.0148694462618212097781478600	0	0	0	0	0	0	0	0	0	0	0
deinococci	0	0	0	0	0	0	0	0.0707130229817324690630524500	0	0	0	0	0	0	0	0	0	0	0	0	0	0
spirochaetia	0	0	0.0469290784302223265090631800	0	0	0	0	0	0	0	0	0	0	0	0	0	0	0	0	0	0	0
conoidasida	0.017543346685769421946726700	0.0176330561025068328092397200	0	0.0883912787271655863288155600	0	0.0764301252278205655829266900	0	0.0530347672362993517972893300	0.2586466165413533834586466200	0	0.0148694462618212097781478600	0.2366207057723767235335358700	0.0290951411114343904567937200	0.0288295214299442629252354400	0	0.1411515614891489737105216700	0.051200	0.0916834260026026262865254900	0.1627700503107428233205090300	0	0	0
deltaproteobacteria	0.0029238911142949036577877800	0.0617156963587739148323390200	0.1877163137208893060362527100	8.073070123747790218031820860	0.0263904466583096918915352600	0.1587394908577811746722323500	0.0745245334764204376080605700	0.0648202710665880966411314100	0.0030075187969924812030075200	0.0268640678168467554175870100	0	0	0.2094850160023276112889147500	4.0008969184444871548465628800	0.011886366337810531320575300	0	0.070400	0.2839228676209629717260144300	0	0.1059450296646083060903257100	0	0
betaproteobacteria	0	0.0352661122050136656184794400	0.0205314718132222678477151400	0.0648202710665880966411314100	0.0131952233291548459457676300	0.0088188606032100652595684600	0	0.0530347672362993517972893300	0.0210526315789473684210526300	0	0.0089216677570927258668887200	0.0876372984342136013087169900	0	0.3331411365238003715804984300	0	0.1999647121096277127565723700	0.019200	0.2868803974920146693481604200	0.1568511393903521751997632400	0	3.8812044710531748606482437300	0.0034181022696199070276182700
methanobacteria	0	0	0	0.0147318797878609310548025900	0.0857689516395064986474896100	0	0	0	0.0932330827067669172932330800	0	0	0	0	0.2882952142994426292523544100	0	0	0	0	0	0	0	0
hydrogenophilalia	0	0	0	0	0	0	0	0.0883912787271655863288155600	0	0	0	0	0	0	0	0	0	0	0	0	0	0
saprospiria	0.0409344756001286512090289800	0.038204954888764804420019400	0	0	0.0197928349937322689186514500	0.0088188606032100652595684600	0	0	0.0691729323308270676691729300	0	0	0.0146062164057022668847861600	0	0.1537574476263694022679223500	0	0.0617538081515026759983532300	0.09600	0.0739382467762924405536495900	0.171648416691328795501627700	0	0	0
mollicutes	0	0	0	0	0.0362868641551758263508609900	0.0352754424128402610382738600	0	0.1060695344725987035945786700	0.1022556390977443609022556400	0.0029848964240940839352874500	0.0951644560756557425801463200	0	0.0145475705557171952283968600	0.0672688833365366134922160300	0	0.0117626301240957478092101400	0	0.0118301194842067904885839300	0.0147972773009766203018644600	0.0030270008475602373168664500	0	0
cyanobacteria	0	0.0029388426837511388015399500	0.1847832463190004106294362600	0	0	0	0	0.1708898055391868002357100800	0	0	0	0.0204487029679831736387006300	0.0290951411114343904567937200	4.0201165993977833301300531700	0	0	0.028800	0.0739382467762924405536495900	0.1479727730097662030186445700	0	0	0
fragilariophyceae	0.0087716733428847109733633500	0.0029388426837511388015399500	0	0.0206246317030053034767236300	0	0	0	0.7395403653506187389510901600	0.0812030075187969924812030100	0	0	0	0	0.0192196809532961752834902900	0	0	0	0.5885484443392878268070507500	0	0	0	0
planctomycetia	0	0	0	0	0	0	0	0	0	0	0	0	0	0	0	0	0	0.0295752987105169762214598400	0	0	0	0
actinomycetia	0	0	0.005866134803777790813632900	0.0206246317030053034767236300	0	0	0	0.0618738951090159104301708900	0	0	0	0	0	0	0	0.0235252602481914956184202800	0	0.0384478883236720690878977900	0.1094998520272269902337969800	0	0.0383401657474857699000206400	0
ulvophyceae	0.128651209028975760942662500	0.3173950098451229905663149900	0.5983457499853346629905555200	4.4843842074248674130819092500	0.0989641749686613445932572400	1.9136927508965841613263566300	0	0.6599882144961697112551561600	0.8661654135338345864661654100	0.1014864784191988537997731500	0.4966395051448284065901385800	6.5844823556905819116616031800	0	0.2947017746172080210135178400	0.0059431831689052656602876500	10.774569193671704993236487680	0.153600	0.4791198391103750147876493600	0.9322284699615270790174607900	0.0030270008475602373168664500	0	0
verrucomicrobiae	0	0	0	0	0	0	0	0.0500883912787271655863288200	0	0	0	0.327179247487730778219210100	0	0.0096098404766480876417451500	0	0	0	0	0	0	0	0
florideophyceae	0	0	0.2375784595530005279521323400	0	0	0	0	0	0	0	0	0	0	0	0	0	0	0	0	0	0	0
gammaproteobacteria	98.34800152042337943334990205	95.86504834396214770623328533	97.69754208951721710564908782	82.65763111373011196228638774	66.622682588902817180180774560	94.89681933094244223646304897	27.454838132713289214809515290	92.83146729522687094873305834	94.40902255639097744360902256	84.13527550593994388394722703	95.00683994528043775649794802	88.76781958401495676559943912	97.92551643875472796043060809	84.31674034211032096867192005	82.86580292404611910139070486	81.07980944539198964888549080	86.46400	86.40127765290429433337276706	81.71944362237348327907664990	69.151834362513621503814021070	93.71516206093137110331200047	13.593792726278370248837845230
bacilli	0.0292389111429490365778778400	0.0029388426837511388015399500	0.0146653370094444770340822400	0.0854449027695934001178550400	0	0.0029396202010700217531894900	0	0.0854449027695934001178550400	0.0060150375939849624060150400	0.0029848964240940839352874500	0	0.0467398924982472540313157300	0.0116380564445737561827174900	0	0	0.2117273422337234605657825100	0.003200	0.0916834260026026262865254900	0.1568511393903521751997632400	0	0.1799038546612793818385584100	86.40278917145200984413453651
alphaproteobacteria	0.4473553404871202596415309500	1.7544890821994298645193522800	0.2874406053851117498680119700	0.5627578078962875662934590500	0.5047172923401728574256119300	1.434534658122170615556470100	0.0596196267811363500864484600	0.5450795521508544490276959300	1.9609022556390977443609022600	0.202972956838397707599546300	3.6489621126509248795574852800	1.3057957466697826594998831500	0.0145475705557171952283968600	4.1866871676596835159203023900	0.0861761559491263520741709300	0.9910015879550667529259542400	8.534400	4.8680941677510942860522891300	3.2938739271973956791950281100	0.0544860152560842717035960800	2.1234553337069041790780664800	0
cytophagia	0	0	0.0469290784302223265090631800	0	0.039585669987464537837302900	0.0176377212064201305191369300	0	0	0.0360902255639097744360902300	0.0507432392095994268998865700	0	0	0	0	0	0.0235252602481914956184202800	0	0.109428605228912812019401400	0	0	0	0
flavobacteriia	0.0467822578287184585246045400	0.4613983013489287918417727100	0	0.0058927519151443724219210400	0.0065976116645774229728838200	0.0411546828149803045446528300	0	0	0.0932330827067669172932330800	0	0.0029738892523642419556295700	0.0555036223416686141621874300	0	0.0064065603177653917611634300	0	0.1440922190201729106628242100	0.009600	0.2040695611025671359280728700	0	0	0	0
