genus	1-CA2a	1-CH2a	1-Ea	1-PA2a	1-PH1a	2-CA2a	2-CH1b	2-Ea	2-PA1b	2-PH2a	3-CA1b	3-CH2a	3-Eb	3-PA1a	3-PH1b	4-CA1a	4-CH1a	4-Ea	4-PA2a	4-PH1b	blank-060823STillcus515F	mock-060823STillcus515F	
rubritalea	0	0	0	0	0	0	0	0	0	0	0	0.327179247487730778219210100	0	0.0096098404766480876417451500	0	0	0	0	0	0	0	0
prosthecobacter	0	0	0	0	0	0	0	0.0500883912787271655863288200	0	0	0	0	0	0	0	0	0	0	0	0	0	0
trieres	0.0058477822285898073155755700	0	0	0	0	0	0	0	0	0	0	0	0.0145475705557171952283968600	0.0192196809532961752834902900	0	0	0	0.0384478883236720690878977900	0	0	0	0
haliea	0	0	0.0087992022056666862204493500	0.0088391278727165586328815600	0	0	0	0	0	0	0	0	0	0	0	0	0	0.1656216727788950668401750900	0	0	0	0
candidatus pelagibacter	0	0.0293884268375113880153995400	0	0	0	0	0	0.0088391278727165586328815600	0	0	0	0	0	0	0	0.0411692054343351173322354900	0	0.0591505974210339524429196700	0	0	0	0
raoultella	0.0116955644571796146311511400	0	0	0	0	0	0	0	0	0	0	0	0	0	0	0	0	0	0	0	0	0.3213016133442712605961170400
blastopirellula	0	0	0	0	0	0	0	0	0	0	0	0	0	0	0	0	0	0.0295752987105169762214598400	0	0	0	0
diatoma	0.0029238911142949036577877800	0	0	0.0206246317030053034767236300	0	0	0	0.571596935769004124926340600	0	0	0	0	0	0	0	0	0	0.5175677274340470838755471400	0	0	0	0
neptuniibacter	0.0350866933715388438934534100	0.0293884268375113880153995400	0	0.1767825574543311726576311100	4.3115392228013459127795737900	0.1352225292492210006467164400	0.0029809813390568175043224200	0	2.2586466165413533834586466200	0.1283505462360456092173601600	0.5858561827157556652590257500	0.0204487029679831736387006300	0	2.5562175667883913127042091100	0.0148579579222631641507191300	0	3.63200	0	0.3048239124001183782184078100	0.0151350042378011865843322400	0	0
polymorphobacter	0	0	0	0	0.0065976116645774229728838200	0	0	0	0	0	0.0208172247665496936894070100	0	0	0.0288295214299442629252354400	0	0	0.03200	0	0	0	0	0
enterococcus	0	0	0	0	0	0	0	0	0.0060150375939849624060150400	0	0	0	0.0116380564445737561827174900	0	0	0	0	0	0.0147972773009766203018644600	0	0.0294924351903736691538620300	9.184440798468690183210281650
bacteriovorax	0	0	0	0.0206246317030053034767236300	0.0032988058322887114864419100	0.0264565818096301957787053900	0	0	0	0	0.0148694462618212097781478600	0	0	0	0	0	0	0	0	0	0	0
halovibrio	0.0087716733428847109733633500	0.0558380109912716372292591200	0	0.0412492634060106069534472600	0.0263904466583096918915352600	0.0529131636192603915574107800	0	0	0.111278195488721804511278200	0	0.1130077915898411943139237500	0.0525823790605281607852301900	0	0.0032032801588826958805817200	0	0	0.25600	0	0.0207161882213672684226102400	0	0	0
mycoplasma	0	0	0	0	0.0362868641551758263508609900	0.0117584808042800870127579500	0	0	0.0872180451127819548872180500	0.0029848964240940839352874500	0.0951644560756557425801463200	0	0	0.0672688833365366134922160300	0	0	0	0	0	0.0030270008475602373168664500	0	0
thalassiosira	0	0	0	0	0	0	0	0.0353565114908662345315262200	0	0	0	0	0	0	0	0	0	0.2661776883946527859931385300	0	0	0	0
ralstonia	0	0.0293884268375113880153995400	0.0175984044113333724408986900	0.0383028874484384207424867400	0.0098964174968661344593257200	0	0	0.0500883912787271655863288200	0	0	0	0.0555036223416686141621874300	0	0.0384393619065923505669805900	0	0.0999823560548138563782861800	0	0.2277298000709807169052407400	0.0236756436815625924829831300	0	3.0701625033178989589170377800	0
desulfatiglans	0	0	0	0	0.0263904466583096918915352600	0	0.0745245334764204376080605700	0	0.0030075187969924812030075200	0.0268640678168467554175870100	0	0	0	0	0	0	0.003200	0	0	0.0030270008475602373168664500	0	0
synechococcus	0	0.0029388426837511388015399500	0.005866134803777790813632900	0	0	0	0	0.1208014142604596346493812600	0	0	0	0.0204487029679831736387006300	0.0290951411114343904567937200	0.0032032801588826958805817200	0	0	0	0.0739382467762924405536495900	0	0	0	0
thalassospira	0	0	0	0	0.0164940291614435574322095400	0.0058792404021400435063789800	0	0	0.0150375939849624060150375900	0	0	0.0029212432811404533769572300	0	0.0032032801588826958805817200	0	0	0	0	0	0	0	0
toxarium	0.073097277857372591444694600	0	0	0	0	0	0	0	0	0	0	0	0	0	0	0	0	0	0	0	0	0
roseobacter	0.0233911289143592292623022700	0.038204954888764804420019400	0	0.032410135533294048320565700	0.0197928349937322689186514500	0.0117584808042800870127579500	0	0	0.2045112781954887218045112800	0.0238791713927526714822995600	0.0059477785047284839112591400	0	0	0.2370427317573194951630469600	0.0089147747533578984904314800	0.0147032876551196847615126700	0.04800	0	0.0384729209825392127848475900	0	0	0
ruegeria	0.0467822578287184585246045400	0.4790313574514356246510124300	0.0322637414207778494749809400	0.032410135533294048320565700	0.0494820874843306722966286200	0.0881886060321006525956846400	0.0029809813390568175043224200	0.0176782557454331172657631100	0.2646616541353383458646616500	0.0477583427855053429645991300	0.505561172901921132457027300	0.1110072446833372283243748500	0	0.2562624127106156704465372500	0.011886366337810531320575300	0.0823384108686702346644709800	0.598400	0.035490358452620371465751800	0.103580941106836342113051200	0.0121080033902409492674657900	0	0
bacillaria	0.0380105844858337475512411900	0.0029388426837511388015399500	0.0703936176453334897635947700	0.0176782557454331172657631100	0	0.0264565818096301957787053900	0	0.0383028874484384207424867400	0	0	0	0	0.0058190282222868780913587400	0.1153180857197770517009417600	0	0.0294065753102393695230253500	0	0.0768957766473441381757955800	0	0	0	0
fluviicola	0	0.1381256061363035236723778200	0	0	0	0.0264565818096301957787053900	0	0	0	0	0	0	0	0	0	0.0882197259307181085690760500	0	0	0	0	0	0
leptotrichia	0	0	0	0	0	0	0	0	0	0	0	0	0	0	0	0	0	0	0	0	0.0619341138997847052231102700	0
psychrosphaera	0.017543346685769421946726700	0.0264495841537602492138595800	0	0.0058927519151443724219210400	0.2078247674341888236458402100	0.0764301252278205655829266900	0.0029809813390568175043224200	0	0.1473684210526315789473684200	0.0119395856963763357411497800	0.2944150359840599536073276600	0.0146062164057022668847861600	0	0.0096098404766480876417451500	0	0	0.867200	0	0.0118378218407812962414915700	0.0030270008475602373168664500	0	0
exiguobacterium	0	0	0	0	0	0	0	0	0	0	0	0	0	0	0	0	0	0.0916834260026026262865254900	0	0	0	0
erythrobacter	0	0	0	0.0235710076605774896876841500	0	0	0	0	0	0	0	0	0	0	0	0	0.019200	0	0.1598105948505474992601361300	0	0	0
pseudofulvibacter	0	0	0	0	0	0	0	0	0.0571428571428571428571428600	0	0	0	0	0	0	0	0	0	0	0	0	0
marinobacter	0.0029238911142949036577877800	0.0146942134187556940076997700	0	0	0.0593785049811968067559543400	0.0205773414074901522723264200	0	0	0.0511278195488721804511278200	0	0.0386605602807351454231844400	0.0438186492171068006543584900	0	0.0672688833365366134922160300	0	0.008821972593071810856907600	0.060800	0	0	0	0	0
primorskyibacter	0	0	0	0	0	0	0	0	0	0	0	0.008763729843421360130871700	0	0.0032032801588826958805817200	0	0	0	0.0739382467762924405536495900	0	0	0	0
lentisphaera	0	0.0264495841537602492138595800	0	0	0.0197928349937322689186514500	0.0058792404021400435063789800	0	0	0	0	0	0.2044870296798317363870063100	0	0	0	0	0.025600	0	0	0	0	0
pelomonas	0	0	0	0	0	0	0	0	0.0060150375939849624060150400	0	0.0059477785047284839112591400	0.008763729843421360130871700	0	0	0	0.0264659177792154325707228100	0	0.0591505974210339524429196700	0.0147972773009766203018644600	0	0	0
empedobacter	0	0	0	0	0	0	0	0	0	0	0	0	0	0	0	0	0	0.0384478883236720690878977900	0	0	0	0
asterionellopsis	0.0058477822285898073155755700	0	0	0	0	0	0	0.1679434295816146140247495600	0.0240601503759398496240601500	0	0	0	0	0.0192196809532961752834902900	0	0	0	0.0709807169052407429315036100	0	0	0	0
spirulina	0	0	0.0645274828415556989499618700	0	0	0	0	0	0	0	0	0	0	0	0	0	0	0	0	0	0	0
enhydrobacter	0	0.0088165280512534164046198600	0	0	0	0	0	0.0029463759575721862109605200	0	0	0	0	0	0	0	0	0.003200	0	0	0	0.0619341138997847052231102700	0
labrenzia	0.0029238911142949036577877800	0.0146942134187556940076997700	0	0.0530347672362993517972893300	0.0032988058322887114864419100	0.0029396202010700217531894900	0	0	0.0751879699248120300751879700	0.0208942749686585875470121200	0.0059477785047284839112591400	0.0029212432811404533769572300	0	0.1313344865141905311038503400	0.0089147747533578984904314800	0	0	0.0147876493552584881107299200	0.0917431192660550458715596300	0.0030270008475602373168664500	0	0
thiohalomonas	0	0	0	0	0	0	0	0	0.0781954887218045112781954900	0	0	0	0	0	0	0	0.009600	0.0709807169052407429315036100	0	0	0	0
psychrobacter	0	0	0	0.0117855038302887448438420700	0	0	0	0	0	0	0	0	0	0	0	0	0.003200	0.0443629480657754643321897600	0	0	0	0
vibrio	0.0029238911142949036577877800	0.0029388426837511388015399500	0	0.0117855038302887448438420700	4.4698819027512040641287853800	0.12052442824387089188076900	1.0314195433136588564955583400	0.0176782557454331172657631100	0.0030075187969924812030075200	6.9249597038982747298668736200	0.0208172247665496936894070100	0.017527459686842720261743400	0	0.1793836888974309693125760800	2.9567336265303696659931059100	0.0058813150620478739046050700	0.822400	0.1153436649710162072636933600	0.0384729209825392127848475900	4.2832061992977358033660249400	0	0
listeria	0	0	0	0	0	0	0	0	0	0	0	0	0	0	0	0	0	0	0	0	0	14.889253486464315012305168170
marinifilum	0.0058477822285898073155755700	0.0352661122050136656184794400	0	0.0412492634060106069534472600	2.2003034901365705614567526600	0.0088188606032100652595684600	8.355690693376259464615751510	0	0.0721804511278195488721804500	4.8653811712733568145185362100	0.0118955570094569678225182900	0.0204487029679831736387006300	0	0.0320328015888269588058171600	1.1292048020920004754546535100	0.0264659177792154325707228100	2.060800	0	0.0503107428233205090263391500	3.9229930984380675626589175400	0	0
rhodovulum	0	0.0029388426837511388015399500	0	0	0.0098964174968661344593257200	0	0	0	0	0	0.0089216677570927258668887200	0.0146062164057022668847861600	0	0.0256262412710615670446537300	0	0	0.01600	0	0.0858242083456643977508138500	0	0	0
polysiphonia	0	0	0.2375784595530005279521323400	0	0	0	0	0	0	0	0	0	0	0	0	0	0	0	0	0	0	0
pseudoruegeria	0.0233911289143592292623022700	0.0470214829400182208246392600	0.0351968088226667448817973800	0.0147318797878609310548025900	0.0197928349937322689186514500	0.0382150626139102827914633400	0.0029809813390568175043224200	0.0500883912787271655863288200	0.0090225563909774436090225600	0.0029848964240940839352874500	0.2527805864509605662285136500	0.1665108670250058424865622800	0.0087285423334303171370381100	0.0736754436543020052533794600	0.0029715915844526328301438300	0.0323472328412633064753278800	0.428800	0	0.0029594554601953240603728900	0.0030270008475602373168664500	0	0
alteromonas	0.1578901201719247975205403400	0.2733123695888559085432156800	0	0.2681202121390689451974071900	2.8303754041037144553671570900	1.6726438944088423775648186300	0.0029809813390568175043224200	0	4.9353383458646616541353383500	0.1701390961733627843113843900	1.9716885743174924165824064700	0.1635896237438653891096050500	0.0116380564445737561827174900	2.5498110064706259209430456800	0.0416022821823368596220135500	0.0970416985237899194259836500	4.838400	0	1.8585380290026635099141757900	0.2088630584816563748637849600	0	0
candidatus thioglobus	0	0	0	0.0530347672362993517972893300	0	0.0676112646246105003233582200	0	0	0	0	0	0	0	0	0	0	0	0	0.3847292098253921278484758800	0	0	0
loktanella	0	0.0852264378287830252446586500	0	0	0	0.0470339232171203480510318100	0	0.1001767825574543311726576300	0	0	0	0	0	0	0	0.1058636711168617302828912500	0	0	0	0	0	0
amphritea	0.0087716733428847109733633500	0	0	0	0.0065976116645774229728838200	0.0117584808042800870127579500	0	0	0	0	0.0921905668232915006245167400	0	0	0.0128131206355307835223268600	0	0	0.470400	0	0	0	0	0
methylonatrum	0	0	0	0.0206246317030053034767236300	0	0	0	0	0.0030075187969924812030075200	0	0	0	0	0	0	0	0	0	0.0414323764427345368452204800	0	0	0
tolumonas	0	0	0	0	0.4816256515141518770205185700	0	0	0	0.0120300751879699248120300800	0.0805922034505402662527610300	0	0	0	0.0256262412710615670446537300	0.4605966955901580886722928800	0	0	0	0	0.1846470517011744763288533700	0	0
attheya	0.0116955644571796146311511400	0	0	0	0	0	0	0.1090159104301708898055391900	0	0	0	0	0	0	0	0	0	0.0236602389684135809771678700	0	0	0	0
donghicola	0	0	0	0.0206246317030053034767236300	0.0032988058322887114864419100	0	0.0029809813390568175043224200	0.0117855038302887448438420700	0.0090225563909774436090225600	0	0	0	0	0	0	0	0.022400	0	0	0	0	0
desulfovibrio	0	0	0	0	0	0	0	0	0	0	0	0	0	0.1345377666730732269844320600	0	0	0.012800	0	0	0.1029180288170480687734592600	0	0
candidatus babela	0	0.0617156963587739148323390200	0	0	0	0.0205773414074901522723264200	0	0	0	0	0	0	0	0	0	0	0	0	0	0	0	0
pseudomonas	0	0	0	0.0707130229817324690630524500	0	0	0	0.0235710076605774896876841500	0	0	0.0059477785047284839112591400	0	0	0.0032032801588826958805817200	0	0.067635123213550549902958300	0.035200	0.2573050987814976931267005800	0.1094998520272269902337969800	0	0.345061491727371929100185800	3.6573694284933005195515449800
desulforhopalus	0	0	0.0498621458321112219158796300	0	0	0	0	0	0	0	0	0	0	0	0	0	0	0	0	0	0	0
algicola	0	0.0176330561025068328092397200	0	0	0.0032988058322887114864419100	0.0117584808042800870127579500	0	0.0088391278727165586328815600	0.0210526315789473684210526300	0	0.0059477785047284839112591400	0.0146062164057022668847861600	0	0	0	0.0058813150620478739046050700	0	0	0	0	0	0
bacillus	0.0116955644571796146311511400	0	0	0	0	0	0	0	0	0	0	0	0	0	0	0	0	0	0	0	0.1120712537234199427846757300	26.442439157779600765654908390
sphingobium	0	0	0	0.0088391278727165586328815600	0	0	0	0	0	0	0	0	0	0	0	0	0	0	0	0	0.0412894092665231368154068500	0
oceanospirillum	0	0.1616363476063126340846974500	0	0.0618738951090159104301708900	0.5772910206505245101273339100	0.2763242989005820447998118600	0	0	0.7488721804511278195488721800	0.0477583427855053429645991300	1.1538690299173258787842740700	0	0	0.5829969889166506502658722500	0.0029715915844526328301438300	0.0029406575310239369523025300	0.243200	0	0.0887836638058597218111867400	0	0	0
halomicronema	0	0	0.114389628673666920865841500	0	0	0	0	0	0	0	0	0	0	4.0169133192389006342494714600	0	0	0	0	0	0	0	0
tateyamaria	0	0	0	0	0	0	0	0	0	0	0	0	0	0.2754820936639118457300275500	0	0	0	0	0	0	0	0
methanobrevibacter	0	0	0	0.0147318797878609310548025900	0.0857689516395064986474896100	0	0	0	0.0932330827067669172932330800	0	0	0	0	0.2882952142994426292523544100	0	0	0	0	0	0	0	0
xanthomonas	0	0.0029388426837511388015399500	0	0	0	0	0	0.0294637595757218621096051900	0	0	0.0029738892523642419556295700	0.0116849731245618135078289300	0.0029095141111434390456793700	0	0	0.0029406575310239369523025300	0	0	0	0	0	0
oleiphilus	0	0.0058776853675022776030799100	0	0.0147318797878609310548025900	0.0098964174968661344593257200	0.0205773414074901522723264200	0	0	0	0	0.0029738892523642419556295700	0	0	0.0032032801588826958805817200	0	0.0470505204963829912368405600	0.057600	0	0.0088783663805859721811186700	0	0	0
fodinicurvata	0	0	0	0	0	0	0	0	0	0	0	0	0	0.0544557627010058299698891700	0	0	0	0	0	0	0	0
cytophaga	0	0	0	0	0.0164940291614435574322095400	0	0	0	0.0360902255639097744360902300	0	0	0	0	0	0	0	0	0	0	0	0	0
cymatosira	0	0	0	0	0	0	0	0.0235710076605774896876841500	0.0120300751879699248120300800	0	0	0	0.0378236834448647075938318300	0.0256262412710615670446537300	0	0.0058813150620478739046050700	0	0.0295752987105169762214598400	0	0	0	0
serratia	0	0	0	0	0	0	0	0	0.1022556390977443609022556400	0	0	0	0	0	0	0	0	0	0	0	0	0
orientia	0	0	0.0909250894585557576113099100	0	0	0	0	0.2622274602239245727754861500	0	0	0	0	0	0	0	0	0	4.6285342481959067786584644500	0	0	0	0
navicula	0.0380105844858337475512411900	0	0.0205314718132222678477151400	0	0.0032988058322887114864419100	0	0	0.2268709487330583382439599300	0	0	0	0	0	0.041642642065475046447562300	0	0	0	0.1035135454868094167751094300	0	0.0030270008475602373168664500	0	0
novosphingobium	0.0058477822285898073155755700	0	0	0	0	0	0	0	0	0	0	0	0	0	0	0	0	0	0	0	0.0766803314949715398000412900	0
achromobacter	0	0	0	0	0	0	0	0	0	0	0	0	0	0	0	0	0	0	0	0	0.0796295750140089067154274900	0
maricaulis	0	0	0	0	0.0263904466583096918915352600	0.0029396202010700217531894900	0	0	0.0751879699248120300751879700	0	0	0	0	0	0	0	0	0	0	0	0	0
macrodactyla	0.0146194555714745182889389200	0.044082640256267082023099300	0.0146653370094444770340822400	0.1031231585150265173836181500	0	0.0352754424128402610382738600	0	0.1208014142604596346493812600	0.0451127819548872180451127800	0	0.0118955570094569678225182900	0.0496611357793877074082729600	0.0145475705557171952283968600	0.0096098404766480876417451500	0	0.202905369640651649708874900	0.01600	0.1419614338104814858630072200	0.4379994081089079609351879300	0	0	0
owenweeksia	0.0233911289143592292623022700	0.2586181561701002145355159100	0	0.0058927519151443724219210400	0	0.0058792404021400435063789800	0	0	0	0	0	0	0	0.0032032801588826958805817200	0	0	0.009600	0	0	0	0	0
kordia	0	0.0058776853675022776030799100	0	0	0.0065976116645774229728838200	0	0	0	0.0360902255639097744360902300	0	0	0	0	0	0	0.0323472328412633064753278800	0	0	0	0	0	0
haliangium	0	0	0.108523493869889130052208600	0	0	0	0	0	0	0	0	0	0	0	0	0	0	0	0	0	0	0
toxoplasma	0.017543346685769421946726700	0.0176330561025068328092397200	0	0.0883912787271655863288155600	0	0.0764301252278205655829266900	0	0.0530347672362993517972893300	0.2586466165413533834586466200	0	0.0148694462618212097781478600	0.2366207057723767235335358700	0.0290951411114343904567937200	0.0288295214299442629252354400	0	0.1411515614891489737105216700	0.051200	0.0916834260026026262865254900	0.1627700503107428233205090300	0	0	0
aquabacterium	0	0.0058776853675022776030799100	0	0	0	0	0	0.0029463759575721862109605200	0.0150375939849624060150375900	0	0	0.017527459686842720261743400	0	0.0032032801588826958805817200	0	0.0323472328412633064753278800	0.009600	0	0.0384729209825392127848475900	0	0.0294924351903736691538620300	0.0034181022696199070276182700
salmonella	0	0	0	0	0	0.0029396202010700217531894900	0	0.0058927519151443724219210400	0	0	0	0.0029212432811404533769572300	0	0	0	0.0029406575310239369523025300	0	0	0.0591891092039064812074578300	0	0.0737310879759341728846550900	3.8932184850970741044572053600
pseudovibrio	0	0	0.0029330674018888954068164500	0	0	0	0	0	0	0	0	0	0	0.1057082452431289640591966200	0	0	0	0	0	0	0	0
oceanobacter	0	0	0	0.0294637595757218621096051900	0	0.0117584808042800870127579500	0	0	0	0	0	0	0	0.0032032801588826958805817200	0	0	0	0	0	0	0	0
alkaliphilus	0.0116955644571796146311511400	0.0029388426837511388015399500	0	0.0029463759575721862109605200	0.4321435640298212047238899500	0	2.5934537649794312287605079600	0	0.1293233082706766917293233100	1.0894871947943406363799176200	0.0148694462618212097781478600	0.008763729843421360130871700	0	0.6566724325709526555192517100	0.0029715915844526328301438300	0	0.166400	0	0	2.1764136093958106308269766300	0	0
acinetobacter	0.128651209028975760942662500	0.3879272342551503218032738700	0.2815744705813339590543790700	1.9063052445492044784914555100	0.1616414857821468628356534900	0.681991886648245046739961200	0	2.3865645256334708308780200400	0.0060150375939849624060150400	0.0238791713927526714822995600	0	1.3642206122925917270390278100	0.0058190282222868780913587400	0.2114164904862579281183932300	0	3.2200199964712109627712756600	0.953600	2.3275760085176860286288891500	5.5637762651672092335010358100	0	92.48237826997375173268056743	0.0068362045392398140552365300
leisingera	0.017543346685769421946726700	0.0323272695212625268169394900	0.0087992022056666862204493500	0.0412492634060106069534472600	0.0626773108134855182423962500	0.0793697454288905873361161700	0.0119239253562272700172896900	0.0235710076605774896876841500	0.0902255639097744360902255600	0.032833860665034923288161900	0.1486944626182120977814786200	0.0146062164057022668847861600	0	0.163367288103017489909667500	0.0148579579222631641507191300	0	0.278400	0	0	0	0	0
pseudoalteromonas	0	0.0176330561025068328092397200	0	0.0058927519151443724219210400	0.0989641749686613445932572400	0.0029396202010700217531894900	0.0029809813390568175043224200	0.0265173836181496758986446700	0.0270676691729323308270676700	0	0.0118955570094569678225182900	0	0	0	0	0	0.022400	0.0473204779368271619543357400	0.0029594554601953240603728900	0	0	0
streptococcus	0	0	0	0	0	0	0	0.0353565114908662345315262200	0	0	0	0	0	0	0	0.0323472328412633064753278800	0	0	0	0	0	0
sphingomonas	0.0029238911142949036577877800	0.0117553707350045552061598100	0.0175984044113333724408986900	0.0412492634060106069534472600	0	0.0293962020107002175318948800	0	0.0677666470241602828520919300	0	0	0	0.0292124328114045337695723300	0	0.0032032801588826958805817200	0	0.1176263012409574780921013900	0	0.0029575298710516976221459800	0.0562296537437111571470849400	0	1.6604241012180375733624325400	0
shimia	0.0584778222858980731557556800	0.1057983366150409968554383300	0	0.0294637595757218621096051900	0.0263904466583096918915352600	0.2880827797048621318125698200	0	0	0.0781954887218045112781954900	0.0089546892722822518058623400	0.8505323261761731993100576900	0.1840383267118485627483056800	0	0.1153180857197770517009417600	0.0029715915844526328301438300	0.0205846027171675586661177400	3.590400	0	0.103580941106836342113051200	0.0030270008475602373168664500	0	0
thioprofundum	0	0	0	0.0088391278727165586328815600	0.0032988058322887114864419100	0	0	0.0766057748968768414849734800	0.0180451127819548872180451100	0	0.0118955570094569678225182900	0	0	0	0	0	0.52800	0	0.139094406629180230837525900	0	0	0
photobacterium	0.0292389111429490365778778400	0.0323272695212625268169394900	0	0.0117855038302887448438420700	10.186712410107541070132611990	0.0293962020107002175318948800	24.813688666308948905979848570	0	0.2135338345864661654135338300	55.742940719957017491493045190	0.0416344495330993873788140100	0.0525823790605281607852301900	0.061099796334012219959266800	0.041642642065475046447562300	63.404849637465826696778794720	0.0617538081515026759983532300	6.739200	0	0.0207161882213672684226102400	48.274609516890664729386124230	0	0
flexithrix	0	0	0	0	0	0	0	0	0	0	0	0	0	0	0	0	0	0.0473204779368271619543357400	0	0	0	0
delftia	0	0	0.0029330674018888954068164500	0.0265173836181496758986446700	0.0032988058322887114864419100	0.0088188606032100652595684600	0	0	0	0	0.0029738892523642419556295700	0.0058424865622809067539144700	0	0.0064065603177653917611634300	0	0.0411692054343351173322354900	0.009600	0	0.0799052974252737496300680700	0	0.7019199575308933258619164200	0
nitrincola	0.0058477822285898073155755700	0.0029388426837511388015399500	0	0.0029463759575721862109605200	0.0296892524905984033779771700	0.0146981010053501087659474400	0	0	0.0150375939849624060150375900	0	0.0981383453280199845357758900	0.0029212432811404533769572300	0	0.0256262412710615670446537300	0	0	0.006400	0	0.0059189109203906481207457800	0	0	0
propionigenium	0.0029238911142949036577877800	0	0.0087992022056666862204493500	0	0.0065976116645774229728838200	0	61.288976331008167888869015680	0	0.1263157894736842105263157900	0.367142260163572324040355800	0.0089216677570927258668887200	0	0.020366598778004073319755600	0	15.844526328301438250326875070	0	0	0	0	19.297130403196512895023610610	0	0
desulfocapsa	0	0	0.0293306740188889540681644900	8.073070123747790218031820860	0	0.1381621494502910223999059300	0	0	0	0	0	0	0.2094850160023276112889147500	3.8663591517714139278621308200	0.011886366337810531320575300	0	0.054400	0.2839228676209629717260144300	0	0	0	0
lactobacillus	0	0	0	0	0	0	0	0	0	0	0	0	0	0	0	0	0	0	0	0	0	15.965955701394585726004922070
thalassomonas	0.4970614894301336218239232800	0.0852264378287830252446586500	0	0.0500883912787271655863288200	0.0692749224780629412152800700	0.0293962020107002175318948800	0.0029809813390568175043224200	0	0.1864661654135338345864661700	0.0059697928481881678705748900	0.1962766906560399690715517800	0.6076186024772143024071044600	0	0	0	0.1323295888960771628536140700	37.331200	0.1064710753578611143972554100	0.103580941106836342113051200	0	0	0
celeribacter	0.0029238911142949036577877800	0.0528991683075204984277191600	0	0.0088391278727165586328815600	0.0164940291614435574322095400	0.0352754424128402610382738600	0	0	0.0180451127819548872180451100	0	0.0029738892523642419556295700	0.008763729843421360130871700	0	0.0224229611121788711640720100	0	0.008821972593071810856907600	0.006400	0	0	0	0	0
jannaschia	0	0.0088165280512534164046198600	0	0.0589275191514437242192103700	0.0494820874843306722966286200	0	0	0	0.0812030075187969924812030100	0.0059697928481881678705748900	0.0029738892523642419556295700	0.0029212432811404533769572300	0	0.2370427317573194951630469600	0	0	0	0	0.1479727730097662030186445700	0.0090810025426807119505993500	0	0
planifilum	0	0	0	0	0	0	0	0	0	0	0	0	0	0	0	0	0	0	0.0799052974252737496300680700	0	0	0
truepera	0	0	0	0	0	0	0	0.0707130229817324690630524500	0	0	0	0	0	0	0	0	0	0	0	0	0	0
spongiibacter	0	0.0146942134187556940076997700	0	0.0206246317030053034767236300	0.0230916408260209804050933600	0	0	0	0.1203007518796992481203007500	0	0.0029738892523642419556295700	0.008763729843421360130871700	0	0.0288295214299442629252354400	0	0.0529318355584308651414456300	0	0	0	0	0	0
hyphomonas	0.0263150200286541329200900600	0.0499603256237693596261792100	0.0175984044113333724408986900	0.0147318797878609310548025900	0.039585669987464537837302900	0.0470339232171203480510318100	0	0	0.4902255639097744360902255600	0.0029848964240940839352874500	0.0089216677570927258668887200	0.026291189530264080392615100	0	0.8040233198795566660260106300	0	0	0.054400	0.035490358452620371465751800	0.1509322284699615270790174600	0	0	0
methylobacterium	0	0	0	0	0	0	0	0	0	0	0	0	0	0	0	0	0	0	0	0	0.0501371398236352375615654600	0
hyphomicrobium	0	0	0	0	0	0	0	0	0	0	0	0	0	0	0	0	0	0	0.0947025747262503699319325200	0	0	0
marivirga	0	0	0	0	0	0	0	0	0	0	0	0	0	0	0	0	0	0.0621081272920856500650656600	0	0	0	0
bryopsis	0	0	0.5983457499853346629905555200	4.4843842074248674130819092500	0	1.0994179552001881356928684800	0	0.6599882144961697112551561600	0.8661654135338345864661654100	0.1014864784191988537997731500	0.4966395051448284065901385800	6.5844823556905819116616031800	0	0.2947017746172080210135178400	0.0059431831689052656602876500	0	0	0	0.0029594554601953240603728900	0	0	0
rhodopseudomonas	0	0	0	0	0	0	0	0	0	0	0	0	0	0	0	0	0	0	0	0	0.0973250361282331082077447100	0
asterionella	0	0.0029388426837511388015399500	0	0	0	0	0	0	0.0571428571428571428571428600	0	0	0	0	0	0	0	0	0	0	0	0	0
candidatus odyssella	0	0.0146942134187556940076997700	0	0	0	0.0029396202010700217531894900	0	0	0	0	0.0029738892523642419556295700	0.017527459686842720261743400	0	0.0064065603177653917611634300	0	0	0	0	0	0	0	0
thalassotalea	0.163737902400514604836115900	0.5701354806477209274987509900	0	0.1090159104301708898055391900	0.7521277297618262189087550300	0.7819389734846257863484037900	0.0208668693733977225302569600	0	1.5578947368421052631578947400	0.0447734463614112590293116800	4.1991316243383096413489561600	0.1869595699929890161252629100	0	0.0672688833365366134922160300	0.0059431831689052656602876500	0.1470328765511968476151267400	19.113600	0	0.2545131695767978691920686600	0.0211890059329216612180651400	0	0
sagittula	0.0614017134001929768135434600	0.0999206512475387192523584200	0.005866134803777790813632900	0.0294637595757218621096051900	0.0164940291614435574322095400	0.2087130342759715444764536400	0.0029809813390568175043224200	0	0.1954887218045112781954887200	0.0298489642409408393528744600	0.4639267233688217450782132900	0.1372984342136013087169899500	0	0.205009930168492536357229800	0.011886366337810531320575300	0.0235252602481914956184202800	0.7200	0.017745179226310185732875900	0.1213376738680082864752885500	0.0090810025426807119505993500	0	0
melittangium	0.0029238911142949036577877800	0	0	0	0	0	0	0.0648202710665880966411314100	0	0	0	0	0	0	0	0	0	0	0	0	0	0
corynebacterium	0	0	0.005866134803777790813632900	0.0206246317030053034767236300	0	0	0	0	0	0	0	0	0	0	0	0.0235252602481914956184202800	0	0.0384478883236720690878977900	0.1094998520272269902337969800	0	0.0383401657474857699000206400	0
portibacter	0.0233911289143592292623022700	0.0205718987862579716107796700	0	0	0.0164940291614435574322095400	0.0088188606032100652595684600	0	0	0	0	0	0.0146062164057022668847861600	0	0	0	0.0617538081515026759983532300	0	0	0	0	0	0
spiroplasma	0	0	0	0	0	0.023516961608560174025515900	0	0.1060695344725987035945786700	0.0150375939849624060150375900	0	0	0	0.0145475705557171952283968600	0	0	0.0117626301240957478092101400	0	0.0118301194842067904885839300	0.0147972773009766203018644600	0	0	0
cellulomonas	0	0	0	0	0	0	0	0.0618738951090159104301708900	0	0	0	0	0	0	0	0	0	0	0	0	0	0
thalassobius	0.055553931171603169497967900	0.3115173244776207129632350800	0	0.0265173836181496758986446700	0.0593785049811968067559543400	0.1499206302545711094126638800	0.0089429440171704525129672700	0	0.0842105263157894736842105300	0.0059697928481881678705748900	0.0743472313091060488907393100	0.0496611357793877074082729600	0	0.0480492023832404382087257400	0	0.0646944656825266129506557700	0.601600	0	0	0	0	0
lambia	0.128651209028975760942662500	0.3173950098451229905663149900	0	0	0.0989641749686613445932572400	0.8142747956963960256334881500	0	0	0	0	0	0	0	0	0	10.774569193671704993236487680	0.153600	0.4791198391103750147876493600	0.929269014501331754957087900	0.0030270008475602373168664500	0	0
parvularcula	0	0	0.0469290784302223265090631800	0	0	0	0	0	0	0	0	0	0	0.470882183355756294445512200	0	0.3999294242192554255131447400	0.022400	0	1.44421426457531814146197100	0	0	0
teredinibacter	0	0	0	0	0.0164940291614435574322095400	0.0088188606032100652595684600	0	0	0	0	0.0356866710283709034675548700	0.0438186492171068006543584900	0	0	0	0	0.09600	0	0	0	0	0
cohaesibacter	0	0.0235107414700091104123196300	0	0.0117855038302887448438420700	0	0	0.0059619626781136350086448500	0	0	0	0	0	0	0	0.0029715915844526328301438300	0	0.035200	0	0	0.0030270008475602373168664500	0	0
maritimibacter	0.0058477822285898073155755700	0.0734710670937784700384988400	0	0.0117855038302887448438420700	0.0065976116645774229728838200	0.0264565818096301957787053900	0	0	0	0	0	0.0204487029679831736387006300	0	0	0	0.0441098629653590542845380200	0	0	0	0	0	0
shigella	0	0.0117553707350045552061598100	0	0	0	0	0	0	0	0	0	0	0	0	0	0	0	0	0	0	0	5.7116488925348646431501230500
dermatocarpon	0	0	0	0	0	0	0	0	0	0	0	0	0	0	0	0.0646944656825266129506557700	0	0	0	0	0	0
aestuariivita	0.0087716733428847109733633500	0	0	0	0	0.0088188606032100652595684600	0	0	0.0150375939849624060150375900	0	0.0059477785047284839112591400	0.0116849731245618135078289300	0	0	0	0	0.025600	0	0	0	0	0
fusibacter	0.0087716733428847109733633500	0.0205718987862579716107796700	0	0.1090159104301708898055391900	29.66286204394009368608563700	0	0.1728969176652954152507005300	0	0.1654135338345864661654135300	9.151692436272461345591307980	0.0118955570094569678225182900	0.0905585417153540546856742200	0.0058190282222868780913587400	0.0864885642898327887757063200	0.0208011410911684298110067800	0	0.876800	0	0.171648416691328795501627700	5.2790894781450538806150865700	0	0
maricurvus	0.0116955644571796146311511400	0.0029388426837511388015399500	0	0.0147318797878609310548025900	0.0296892524905984033779771700	0	0	0	0	0	0.0059477785047284839112591400	0	0	0.0896918444487154846562880400	0	0	0.156800	0	0.0266350991417579165433560200	0	0	0
tropicibacter	0.0526300400573082658401801100	0.1880859317600728832985570300	0	0.0618738951090159104301708900	0.0230916408260209804050933600	0.2616261978952319360338644200	0.0208668693733977225302569600	0	0.096240601503759398496240600	0.0119395856963763357411497800	0.7940284303812526021530958200	0.0467398924982472540313157300	0	0.3363444166826830674610801500	0.0208011410911684298110067800	0.0235252602481914956184202800	1.222400	0	0.1479727730097662030186445700	0.0030270008475602373168664500	0	0
terasakiella	0	0	0	0	0.0197928349937322689186514500	0	0	0	0.0330827067669172932330827100	0	0.0089216677570927258668887200	0	0	0.0160164007944134794029085800	0	0	0	0	0	0	0	0
endozoicomonas	97.10534779684804537879009386	93.88132953243012901519381667	97.36317240570188302927201267	77.086034177961107837360047140	28.221283895229926766510523190	90.29043447586571814921512141	0	90.07955215085444902769593400	64.099248120300751879699248120	0.0029848964240940839352874500	84.60417534051031939570570392	85.95174106099555971021266651	97.83823101542042478906022694	49.843039272214747901851495930	0.0178295495067157969808629500	77.045227312827148150326412990	1.881600	83.07109901810008281083638945	61.956200059189109203906481210	0	0	0
bolocera	0.6988099763164819742112803700	1.3019073089017544890821994300	0.5572828063588901272951252400	3.6269888037713612256923983500	0.1286534274592597479712344100	1.2111235228408489623140690200	0	3.8656452563347083087802003500	1.4496240601503759398496240600	0.0029848964240940839352874500	0.4550050556117290192113245700	2.1500350549193736854405234900	1.667151585685190573174279900	1.2813120635530783522326862700	0.0059431831689052656602876500	6.0077633358819031935540786900	1.356800	5.6873299420324145273867266100	12.474104764723290914471737200	0	0	0
flammeovirga	0	0	0	0	0.0230916408260209804050933600	0.0176377212064201305191369300	0	0	0	0.0507432392095994268998865700	0	0	0	0	0	0.0235252602481914956184202800	0	0	0	0	0	0
comamonas	0	0	0	0	0	0	0	0	0	0	0	0	0	0.285091934140559933371772700	0	0	0	0	0	0	0	0
brevundimonas	0	0	0	0	0	0.0088188606032100652595684600	0	0	0	0	0.0089216677570927258668887200	0	0	0	0	0	0.028800	0	0	0	0	0
congregibacter	0	0	0	0	0	0	0	0	0	0	0	0	0	0.1313344865141905311038503400	0	0	0	0	0	0	0	0
oleibacter	0.0029238911142949036577877800	0.044082640256267082023099300	0	0.0353565114908662345315262200	0.1550438741175694398627696800	0.0205773414074901522723264200	0	0	0.1804511278195488721804511300	0.0029848964240940839352874500	0.1249033485992981621364420400	0	0	0.163367288103017489909667500	0	0.0147032876551196847615126700	0.022400	0	0	0	0	0
marinobacterium	0.0116955644571796146311511400	0.0176330561025068328092397200	0	0.0147318797878609310548025900	0.3232829715642937256713069900	0.12052442824387089188076900	0	0	0.2015037593984962406015037600	0.0149244821204704196764372300	0.5888300719681199072146553300	0.0847160551530731479317597600	0	0.2274328912806714075213018100	0.0029715915844526328301438300	0	1.548800	0.0473204779368271619543357400	0.1775673276117194436223734800	0.0030270008475602373168664500	0	0
gilvimarinus	0.0701733867430776877869068200	0.0293884268375113880153995400	0	0.0147318797878609310548025900	0.0263904466583096918915352600	0.1499206302545711094126638800	0	0	0.0300751879699248120300751900	0	0.1130077915898411943139237500	0.0438186492171068006543584900	0	0.0224229611121788711640720100	0	0.0176439451861436217138152100	0.348800	0	0	0.0030270008475602373168664500	0	0
photococcus	0	0	0	0	0.7323348947680939499901035800	0	0.6528349132534430334466106200	0	0.0030075187969924812030075200	3.3848725449226911826159632300	0	0	0	0	2.0979436586235587780815404700	0	0.0800	0	0	2.4064656738103886669088267300	0	0
staphylococcus	0.017543346685769421946726700	0.0029388426837511388015399500	0.0146653370094444770340822400	0.0854449027695934001178550400	0	0.0029396202010700217531894900	0	0.0500883912787271655863288200	0	0.0029848964240940839352874500	0	0.0467398924982472540313157300	0	0	0	0.1793801093924601540904546300	0.003200	0	0.0621485646641018052678307200	0	0.0383401657474857699000206400	19.920700027344818156959256220
nautella	0.017543346685769421946726700	0.0235107414700091104123196300	0	0.0058927519151443724219210400	0.0032988058322887114864419100	0.0617320242224704568169792500	0	0	0.0090225563909774436090225600	0.0059697928481881678705748900	0.1308511271040266460477011800	0.035054919373685440523486800	0	0.041642642065475046447562300	0	0	0.44800	0	0.0147972773009766203018644600	0.0030270008475602373168664500	0	0
kordiimonas	0.0233911289143592292623022700	0.0146942134187556940076997700	0	0.0353565114908662345315262200	0.0197928349937322689186514500	0.0058792404021400435063789800	0	0	0.0751879699248120300751879700	0	0.2944150359840599536073276600	0.4002103295162421126431409200	0	0.1889935293740790569543212200	0	0	0.27200	0	0.5031074282332050902633915400	0.006054001695120474633732900	0	0
phaeocystidibacter	0	0.0293884268375113880153995400	0	0	0	0	0	0	0	0	0	0	0	0	0	0	0	0	0	0	0	0
aestuariibacter	0.0438583667144235548668167600	0.0352661122050136656184794400	0	0.0736593989393046552740129600	1.8836181302368542587583294800	0.1234640484449409136339584900	0	0	3.0646616541353383458646616500	0.0208942749686585875470121200	0.0416344495330993873788140100	0.0321336760925449871465295600	0	2.2390928310590044205266192600	0.0059431831689052656602876500	0.0529318355584308651414456300	0.083200	0	0.1509322284699615270790174600	0.0090810025426807119505993500	0	0
spirochaeta	0	0	0.0469290784302223265090631800	0	0	0	0	0	0	0	0	0	0	0	0	0	0	0	0	0	0	0
psychrobium	0.0029238911142949036577877800	0.0088165280512534164046198600	0	0.0029463759575721862109605200	0.0131952233291548459457676300	0.023516961608560174025515900	0	0	0.0180451127819548872180451100	0	0.0237911140189139356450365800	0	0	0	0	0.008821972593071810856907600	0.230400	0	0	0	0	0
stenotrophomonas	0	0.0058776853675022776030799100	0.0029330674018888954068164500	0.0530347672362993517972893300	0	0.0440943030160503262978423200	0	0.0235710076605774896876841500	0	0	0	0.0058424865622809067539144700	0	0.0032032801588826958805817200	0	0.0852790683996941716167735100	0.070400	0	0.103580941106836342113051200	0	0.8080927242162385348158197400	0.0034181022696199070276182700
mesoflavibacter	0.0058477822285898073155755700	0.0146942134187556940076997700	0	0	0	0	0	0	0	0	0.0029738892523642419556295700	0.0555036223416686141621874300	0	0	0	0.0029406575310239369523025300	0	0	0	0	0	0
tepidiphilus	0	0	0	0	0	0	0	0.0883912787271655863288155600	0	0	0	0	0	0	0	0	0	0	0	0	0	0
candidatus alysiosphaera	0	0	0.0293306740188889540681644900	0	0	0	0	0	0	0	0	0	0	0	0	0	0	0	0	0	0	0
bradyrhizobium	0	0	0	0	0	0	0	0	0	0	0	0	0	0	0	0	0	0	0	0	0.1356652018757188781077653600	0
arcobacter	0.0204672378000643256045144900	0.0058776853675022776030799100	0	0	0.0890677574717952101339315200	0.0911282262331706743488741300	0	0	0	0	0.1962766906560399690715517800	0.0292124328114045337695723300	0	0.0064065603177653917611634300	0.0267443242600736954712944300	0	0.067200	0	0	0.0030270008475602373168664500	0	0
arenibacter	0.017543346685769421946726700	0.0146942134187556940076997700	0	0	0	0.0088188606032100652595684600	0	0	0	0	0	0	0	0.0032032801588826958805817200	0	0.0205846027171675586661177400	0	0	0	0	0	0
pseudohaliea	0.0058477822285898073155755700	0	0.0381298762245556402886138300	0	0	0	0	0	0	0	0	0	0	1.1820103786277147799346530800	0	0	0	0	0	0	0	0
lewinella	0.017543346685769421946726700	0.0176330561025068328092397200	0	0	0.0032988058322887114864419100	0	0	0	0.0691729323308270676691729300	0	0	0	0	0.1537574476263694022679223500	0	0	0.09600	0.0739382467762924405536495900	0.171648416691328795501627700	0	0	0
azotobacter	0	0.0029388426837511388015399500	0	0	0	0	0	0	0	0	0	0	0.0058190282222868780913587400	0.0064065603177653917611634300	0	0	0	0.0768957766473441381757955800	0	0	0	0
candidatus atelocyanobacterium	0	0	0	0	0	0	0	0.0500883912787271655863288200	0	0	0	0	0	0	0	0	0.028800	0	0.1479727730097662030186445700	0	0	0
tropicimonas	0.0116955644571796146311511400	0.038204954888764804420019400	0	0	0.0065976116645774229728838200	0.023516961608560174025515900	0	0	0.0421052631578947368421052600	0.0029848964240940839352874500	0.0505561172901921132457027300	0.0146062164057022668847861600	0.0058190282222868780913587400	0.0384393619065923505669805900	0	0.0117626301240957478092101400	0.060800	0	0.0266350991417579165433560200	0	0	0
ferrimonas	0	0.0088165280512534164046198600	0	0.032410135533294048320565700	4.4665830969189153526423434700	0	0.9211232337685566088356286900	0	0.1142857142857142857142857100	17.336278431138439496149483610	0.0148694462618212097781478600	0.0233699462491236270156578600	0	0.0032032801588826958805817200	12.926423392368952811125638890	0	4.406400	0	0.0710269310446877774489493900	13.318803729265044194212374380	0.0058984870380747338307724100	0
thalassolituus	0.017543346685769421946726700	0.0146942134187556940076997700	0	0	0.0131952233291548459457676300	0.0940678464342406961020636100	0	0	0	0	0.6036995182299411169928031900	0.017527459686842720261743400	0	0.3011083349349734127746812700	0	0	1.548800	0	0	0	0	0
methylophaga	0.0058477822285898073155755700	0.0999206512475387192523584200	0	2.4395992928697701826753093700	6.4326713729629873985617206600	0	0	0	16.081203007518796992481203010	0.1910333711420213718583965100	0	0	0	23.733102697161893779229931450	0.9271365743492214430048734100	0	0	0	10.216040248594258656407221070	0.4207531178108729870444363700	0	0
fulvivirga	0	0	0.0469290784302223265090631800	0	0	0	0	0	0	0	0	0	0	0	0	0	0	0	0	0	0	0
litoricola	0	0	0.0029330674018888954068164500	0	0	0	0	0.0117855038302887448438420700	0	0	0	0	0	0	0	0	0	0.0709807169052407429315036100	0	0	0	0
perspicuibacter	0	0	0	0	0	0	0	0.0589275191514437242192103700	0	0	0	0	0	0	0	0	0	0	0	0	0	0
poriferibacter	0	0	0	0	0	0	0	0	0	0	0	0	0	0	0	0	0	0.1656216727788950668401750900	0	0	0	0
microbulbifer	0	0	0	0	0	0	0	0.0824985268120212139068945200	0	0	0	0	0	0	0	0	0	0	0	0	0	0
rubribacterium	0	0	0	0	0	0	0	0	0	0	0	0	0	0.2947017746172080210135178400	0	0	0	0	0	0	0	0
