#OTU ID	1-CA2a	1-CH2a	1-Ea	1-PA2a	1-PH1a	2-CA2a	2-CH1b	2-Ea	2-PA1b	2-PH2a	3-CA1b	3-CH2a	3-Eb	3-PA1a	3-PH1b	4-CA1a	4-CH1a	4-Ea	4-PA2a	4-PH1b	blank-060823STillcus515F	mock-060823STillcus515F
Zotu1	33071	31737	33127	26012	7927	30493	0	30269	20889	1	27664	29283	33537	14789	5	26130	494	27856	20767	0	0	0
Zotu6	239	443	190	1231	39	412	0	1312	482	1	153	736	573	400	2	2043	424	1923	4215	0	0	0
Zotu9	168	20	0	17	2	4	1	0	30	1	52	197	0	0	0	45	11468	0	35	0	0	0
Zotu10	48	111	0	37	147	174	5	0	404	11	1287	53	0	16	2	0	5507	0	32	7	0	0
Zotu326	25	0	0	0	0	0	0	0	0	0	0	0	0	0	0	0	0	0	0	0	0	0
Zotu74	32	60	31	20	13	42	0	8	27	0	126	36	4	79	0	20	9	5	23	0	0	0
Zotu73	10	7	3	30	189	15	0	7	95	0	37	3	7	202	1	9	7	16	19	0	0	0
Zotu92	24	10	0	5	8	51	0	0	10	0	38	15	0	7	0	6	109	0	0	1	0	0
Zotu271	47	45	0	3	23	24	0	0	18	0	179	25	0	2	0	8	32	3	5	0	0	0
Zotu25	20	46	0	18	62	88	0	0	599	14	314	15	0	60	0	6	1132	0	398	1	0	0
Zotu305	6	5	0	0	0	3	0	0	0	0	0	0	0	1	0	7	0	0	0	0	0	0
Zotu3	44	128	91	642	47	231	0	793	0	7	0	455	0	65	0	1056	289	743	1838	0	30545	2
Zotu142	8	1	0	4	10	10	0	0	7	0	64	6	0	15	0	2	10	2	4	0	0	0
Zotu195	4	0	0	0	0	0	0	0	0	0	0	0	0	0	0	0	0	0	0	0	0	78
Zotu214	8	7	0	0	5	3	0	0	0	0	0	5	0	0	0	21	0	0	0	0	0	0
Zotu7	2	2	0	19	8712	0	30	0	28	1292	0	27	1	2	0	0	85	0	20	1636	0	0
Zotu145	13	46	4	5	6	19	0	2	12	0	59	9	0	25	0	6	4	0	0	0	0	0
Zotu35	20	36	0	10	8	98	0	0	26	3	286	63	0	36	1	7	1122	0	35	1	0	0
Zotu198	3	0	0	0	2	0	0	0	0	0	16	0	0	4	0	0	86	0	0	0	0	0
Zotu160	8	88	0	2	0	2	0	0	0	0	0	0	0	1	0	0	3	0	0	0	0	0
Zotu87	5	10	9	5	5	9	1	17	1	1	76	55	3	17	1	9	121	0	1	0	0	0
Zotu2	8	10	0	4	2828	10	8119	0	46	16013	9	18	21	12	19024	21	2037	0	0	13939	0	0
Zotu129	5	15	5	35	0	12	0	41	15	0	4	17	5	3	0	69	5	48	148	0	0	0
Zotu47	5	6	0	0	29	7	0	0	37	0	70	0	0	7	4	0	908	0	0	0	0	0
Zotu62	2	1	0	0	30	0	1	0	26	2	0	0	0	2	1	0	34	0	0	412	0	0
Zotu79	4	34	0	0	25	23	2	0	24	2	43	0	0	0	0	0	193	0	54	0	0	0
Zotu16	44	108	0	0	30	277	0	0	0	0	0	0	0	0	0	3664	48	162	314	1	0	0
Zotu48	18	64	0	21	7	89	7	0	32	4	267	16	0	105	7	8	382	0	50	1	0	0
Zotu53	6	5	0	0	4	32	0	0	0	0	203	6	0	94	0	0	484	0	0	0	0	0
Zotu191	6	8	0	3	0	10	0	0	2	1	1	0	0	2	0	5	60	0	0	0	0	0
Zotu54	21	34	2	10	5	71	1	0	65	10	156	47	0	64	4	8	225	6	41	3	0	0
Zotu216	13	1	24	6	0	9	0	13	0	0	0	0	2	36	0	10	0	26	0	0	0	0
Zotu230	2	1	0	1	9	5	0	0	5	0	33	1	0	8	0	0	2	0	2	0	0	0
Zotu104	4	3	0	1	1	17	0	0	3	1	40	12	0	11	0	0	117	0	4	0	0	0
Zotu296	8	0	0	0	0	0	0	47	0	0	0	0	0	7	0	0	0	0	0	0	0	0
Zotu299	6	1	0	0	1	0	0	0	1	0	0	0	0	20	0	0	0	0	0	0	0	0
Zotu112	1	0	0	0	0	4	0	0	0	0	0	0	0	215	0	0	0	0	0	0	0	0
Zotu262	3	1	0	3	13	5	0	0	5	0	30	2	0	5	0	0	6	0	0	0	0	0
Zotu75	6	7	0	2	55	8	0	0	28	3	60	4	0	3	0	0	163	0	4	1	0	0
Zotu29	11	12	0	25	569	32	0	0	969	7	9	11	0	699	2	18	13	0	51	3	0	0
Zotu19	25	45	0	69	758	436	1	0	1009	43	323	36	4	701	14	27	380	0	227	68	0	0
Zotu65	1	0	0	0	0	0	0	0	0	0	0	0	0	0	0	0	0	0	0	0	0	367
Zotu22	5	1	5	29	0	1	0	17	0	1	0	15	0	0	0	57	1	0	21	0	13	2935
Zotu303	2	0	0	0	0	0	0	40	8	0	0	0	0	6	0	0	0	3	0	0	0	0
Zotu208	8	0	0	12	1	1	0	0	0	0	3	5	0	2	0	0	25	0	0	0	0	0
Zotu52	10	153	11	11	14	18	1	6	88	15	152	13	0	67	3	28	130	12	35	4	0	0
Zotu376	9	2	0	4	38	45	0	0	33	0	26	5	0	35	0	0	0	0	3	0	0	0
Zotu58	2	5	0	0	9	14	0	0	8	0	146	22	0	0	1	0	413	0	56	0	0	0
Zotu205	5	2	0	1	10	7	0	2	4	0	23	5	0	8	0	2	3	1	2	0	0	0
Zotu78	8	17	6	5	12	12	0	0	163	1	3	9	0	36	0	0	17	0	51	0	0	0
Zotu255	6	10	7	43	118	31	0	2	137	0	76	3	0	267	0	2	1	12	46	0	0	0
Zotu358	3	6	3	0	1	4	0	0	2	0	9	2	0	6	0	2	13	0	0	1	0	0
Zotu150	7	2	0	0	22	23	0	0	0	0	45	4	0	0	0	0	21	0	0	0	0	0
Zotu213	3	16	0	0	7	10	0	0	4	0	1	1	0	4	0	3	4	0	0	0	0	0
Zotu178	4	0	0	0	2	10	0	0	50	0	5	0	0	0	0	0	13	0	0	0	0	0
Zotu60	6	6	0	30	0	26	0	18	86	0	5	81	10	9	0	48	16	31	55	0	0	0
Zotu136	6	10	0	0	1	12	0	0	0	1	18	25	0	13	1	0	57	0	0	0	0	0
Zotu61	1	0	0	0	9	7	95	6	0	54	4	1	0	22	8	0	164	38	13	14	0	0
Zotu245	1	1	3	3	0	0	0	0	9	0	10	0	0	6	4	0	15	0	0	0	0	0
Zotu219	2	25	0	4	2	9	0	0	0	0	0	7	0	0	0	15	0	0	0	0	0	0
Zotu106	8	13	0	11	6	4	0	0	68	8	2	0	0	74	3	5	15	0	13	0	0	0
Zotu390	6	5	0	5	10	10	0	0	2	0	46	8	0	9	0	2	4	1	0	0	0	0
Zotu174	4	13	0	0	2	8	0	0	14	1	17	5	2	12	0	4	19	0	9	0	0	0
Zotu159	4	38	0	5	5	10	2	0	0	1	8	12	0	5	0	6	10	0	0	0	0	0
Zotu133	4	11	4	3	34	17	0	1	21	0	94	0	1	24	0	0	4	5	2	0	0	0
Zotu171	1	2	0	0	18	7	0	0	17	0	13	12	0	21	0	0	10	0	0	0	0	0
Zotu319	4	0	0	0	0	0	0	37	0	0	0	0	0	0	0	0	0	8	0	0	0	0
Zotu30	3	0	0	24	718	8	1	0	471	26	20	0	0	410	0	0	64	0	76	1	0	0
Zotu189	2	9	0	0	19	6	0	0	32	1	4	10	0	0	0	0	0	0	0	0	0	0
Zotu295	1	1	0	0	4	0	0	0	5	0	11	0	0	10	0	0	0	0	0	0	0	0
Zotu105	2	1	0	0	1	0	11	0	25	138	5	0	0	0	17	0	14	0	7	13	0	0
Zotu252	2	0	7	0	0	0	0	1	0	0	0	0	0	34	0	0	0	1	0	0	0	0
Zotu108	3	19	0	14	8	18	0	0	37	0	38	18	0	1	0	0	80	0	7	0	0	0
Zotu336	3	4	0	2	87	4	0	0	10	0	17	1	1	12	0	0	3	0	1	0	0	0
Zotu210	2	10	0	0	3	7	0	0	3	0	12	2	0	1	0	5	0	0	0	0	0	0
Zotu392	3	0	0	0	0	0	0	0	0	0	0	0	0	0	0	0	0	0	0	0	14	0
Zotu81	2	1	0	9	4	1	0	74	0	0	8	30	33	0	0	0	8	76	53	0	0	0
Zotu119	5	3	0	1	2	12	1	0	14	0	12	0	0	2	0	0	114	0	0	0	0	0
Zotu85	2	36	0	0	29	42	0	0	23	0	46	8	0	4	0	34	99	0	0	0	0	0
Zotu5	2	27	0	702	1692	0	0	0	4918	64	0	0	0	6547	304	0	0	0	3207	135	0	0
Zotu127	3	9	0	11	17	17	2	7	21	9	18	1	0	40	0	0	11	0	0	0	0	0
Zotu374	1	12	0	1	0	6	0	0	1	0	1	2	0	0	0	2	2	0	0	0	0	0
Zotu188	1	41	0	0	4	9	0	0	8	0	3	4	0	2	0	8	0	0	0	0	0	0
Zotu351	1	0	0	0	0	0	0	14	0	0	0	0	0	2	0	0	0	19	0	0	0	0
Zotu173	4	1	0	5	9	0	0	0	0	0	2	0	0	28	0	0	49	0	9	0	0	0
Zotu69	2	0	12	0	0	0	0	0	0	0	0	0	0	341	0	0	0	0	0	0	0	0
Zotu226	1	0	0	0	27	2	0	0	0	7	1	0	0	0	0	0	9	0	0	9	0	0
Zotu301	4	0	7	0	1	0	0	16	0	0	0	0	0	4	0	0	0	16	0	1	0	0
Zotu378	2	5	0	1	0	4	0	0	0	0	3	0	0	1	0	0	4	0	1	0	0	0
Zotu125	1	5	0	18	1	1	0	0	25	7	2	1	0	41	3	0	0	5	31	1	0	0
Zotu311	2	0	0	0	0	0	0	0	0	0	0	0	5	6	0	0	0	13	0	0	0	0
Zotu246	2	1	0	0	5	8	0	0	2	0	28	2	0	4	0	0	3	1	4	0	0	0
Zotu55	1	4	6	14	0	10	0	23	0	0	0	10	0	1	0	40	0	1	19	0	563	0
Zotu36	2	0	0	1	17	0	865	0	4	312	0	3	0	203	0	0	8	0	0	192	0	0
Zotu4	1	0	3	0	1	0	14499	0	33	55	3	0	7	0	1703	0	0	0	0	4926	0	0
Zotu290	3	0	0	0	0	3	0	0	5	0	2	4	0	0	0	0	8	0	0	0	0	0
Zotu360	2	0	0	0	0	0	0	0	0	0	0	0	0	0	0	0	0	0	0	0	26	0
Zotu347	1	0	0	0	0	0	0	22	0	0	0	0	0	0	0	0	0	0	0	0	0	0
Zotu218	1	0	0	0	0	0	0	11	0	0	7	6	9	2	0	0	0	21	5	0	0	0
Zotu167	1	0	0	0	0	0	0	0	0	0	0	1	0	0	0	4	0	0	0	0	0	642
Zotu183	2	1	0	0	2	10	2	1	0	2	22	4	0	5	1	0	61	0	0	0	0	0
Zotu200	1	0	0	0	2	6	0	0	5	0	6	0	0	0	0	3	52	0	0	0	0	0
Zotu90	1	0	0	13	229	3	0	0	88	16	9	0	0	189	0	0	21	0	15	2	0	0
Zotu193	1	0	0	0	235	0	0	0	2	19	0	2	1	1	0	0	1	0	1	78	0	0
Zotu77	1	0	0	0	0	0	0	194	0	0	0	0	0	0	0	0	0	142	0	0	0	0
Zotu41	1	8	0	0	192	0	266	0	13	337	0	2	0	0	159	9	167	0	13	36	0	0
Zotu96	1	1	0	4	118	4	0	0	49	0	13	1	0	74	0	1	1	2	8	0	0	0
Zotu275	2	5	0	0	0	0	0	0	0	0	1	19	0	0	0	1	0	0	0	0	0	0
Zotu59	0	5	0	0	5	1	0	0	19	0	75	121	0	46	0	0	27	0	152	1	0	0
Zotu51	0	47	0	19	158	76	0	0	224	16	321	0	0	160	1	0	74	0	29	0	0	0
Zotu147	0	29	0	0	0	16	0	34	0	0	0	0	0	0	0	36	0	0	0	0	0	0
Zotu168	0	47	0	0	0	9	0	0	0	0	0	0	0	0	0	30	0	0	0	0	0	0
Zotu45	0	10	6	13	3	0	0	17	0	0	0	19	0	12	0	33	0	77	8	0	972	0
Zotu265	0	3	0	0	1	0	0	0	24	0	0	0	0	0	0	0	2	0	0	0	0	0
Zotu257	0	2	0	0	2	0	0	0	12	0	0	0	0	0	0	11	0	0	0	0	0	0
Zotu37	0	7	0	126	258	0	0	0	429	0	0	0	0	862	8	0	0	0	245	4	0	0
Zotu396	0	10	0	0	0	0	0	3	0	0	0	0	0	0	0	14	0	20	0	0	0	0
Zotu242	0	5	0	0	0	0	0	0	17	0	0	0	0	0	0	0	30	0	0	0	0	0
Zotu97	0	1	0	0	0	2	0	85	20	0	0	5	11	2	0	0	4	57	0	0	0	0
Zotu228	0	2	0	1	0	4	0	0	0	0	28	0	0	9	0	0	2	0	0	0	0	0
Zotu116	0	3	0	20	15	0	0	0	27	2	1	1	0	74	0	0	0	0	50	3	0	0
Zotu232	0	1	0	0	3	0	0	0	0	0	3	5	0	8	0	0	5	0	29	0	0	0
Zotu269	0	21	0	0	0	7	0	0	0	0	0	0	0	0	0	0	0	0	0	0	0	0
Zotu368	0	8	0	4	0	0	2	0	0	0	0	0	0	0	1	0	11	0	0	1	0	0
Zotu101	0	14	0	12	43	0	0	0	55	1	31	0	0	41	0	5	0	0	0	0	0	0
Zotu286	0	2	0	0	0	0	0	1	5	0	0	6	0	1	0	11	3	0	13	0	10	1
Zotu8	0	2	0	11	1143	0	23	0	38	3859	5	8	0	0	2511	0	1328	0	24	2835	1	0
Zotu289	0	7	0	2	6	2	0	0	2	0	8	0	0	4	0	0	0	0	0	0	0	0
Zotu202	0	5	0	0	0	0	0	15	4	0	0	2	9	3	0	0	0	9	0	0	0	0
Zotu267	0	4	0	2	30	1	1	9	5	0	2	0	0	0	0	0	6	0	1	0	0	0
Zotu366	0	5	0	0	0	1	0	0	0	0	1	6	0	2	0	0	0	0	0	0	0	0
Zotu151	0	8	0	2	17	18	0	0	25	0	67	0	0	22	0	1	2	0	1	0	0	0
Zotu380	0	3	0	0	0	0	0	0	0	0	0	3	0	0	0	3	9	0	0	0	0	0
Zotu140	0	1	2	0	0	0	0	41	0	0	0	7	10	1	0	0	0	25	0	0	0	0
Zotu391	0	6	0	0	1	4	0	3	7	0	2	5	0	0	0	2	0	0	0	0	0	0
Zotu57	0	4	4	4	2	1	0	17	0	1	0	12	0	0	0	37	9	8	42	0	540	0
Zotu27	0	5	0	18	45	0	28	0	25	1755	4	2	0	24	7	0	188	0	37	30	0	0
Zotu229	0	7	0	0	0	0	0	0	0	0	0	27	0	0	0	0	8	0	0	0	0	0
Zotu258	0	6	0	2	5	6	0	0	5	0	0	1	0	7	0	1	0	0	0	0	0	0
Zotu331	0	3	0	0	0	0	0	1	0	0	0	0	0	0	0	0	1	0	0	0	21	0
Zotu293	0	2	0	0	0	0	0	0	4	0	2	0	0	0	0	0	1	16	0	0	0	0
Zotu321	0	2	0	5	3	7	0	0	0	0	1	0	0	1	0	16	18	0	3	0	0	0
Zotu186	0	5	0	7	7	0	0	0	40	0	1	3	0	9	0	18	0	0	0	0	0	0
Zotu379	0	10	0	0	0	0	0	0	0	0	0	0	0	0	0	0	0	0	0	0	0	0
Zotu66	0	2	1	18	0	15	0	8	0	0	0	2	0	1	0	29	22	0	35	0	274	1
Zotu372	0	1	0	0	0	0	0	0	0	0	0	0	2	0	0	0	0	4	6	0	0	0
Zotu294	0	3	0	1	2	2	0	0	1	0	2	0	0	0	0	0	20	0	0	0	0	0
Zotu94	0	3	0	6	29	15	0	0	50	1	45	4	0	24	1	0	79	0	0	2	0	0
Zotu313	0	1	0	0	0	0	0	0	0	0	0	0	2	2	0	0	0	26	0	0	0	0
Zotu373	0	1	0	0	0	0	0	0	19	0	0	0	0	0	0	0	0	0	0	0	0	0
Zotu381	0	2	0	0	0	0	0	0	0	0	0	13	0	0	0	0	0	0	0	0	0	0
Zotu339	0	1	0	0	0	0	0	10	0	0	1	4	1	0	0	1	0	0	0	0	0	0
Zotu15	0	2	0	6	274	1	1863	0	7	614	1	0	0	10	102	0	363	0	4	928	0	0
Zotu31	0	4	0	0	0	0	0	0	0	0	0	0	0	0	0	0	0	0	0	0	0	1671
Zotu39	0	2	0	5	90	0	353	0	2	443	0	2	0	0	98	0	81	0	0	118	0	0
Zotu130	0	2	0	0	1	11	0	0	21	1	35	0	0	0	0	0	99	0	0	0	0	0
Zotu93	0	1	0	0	5	0	157	0	0	83	0	0	0	0	6	0	0	0	0	6	0	0
Zotu152	0	1	0	0	11	16	1	0	0	2	1	4	0	2	0	0	57	0	0	2	0	0
Zotu11	0	0	204	1522	0	374	0	224	288	34	167	2254	0	92	2	0	0	0	1	0	0	0
Zotu362	0	0	10	0	0	0	0	0	0	0	0	0	0	0	0	0	0	0	0	0	0	0
Zotu272	0	0	37	0	0	0	0	0	0	0	0	0	0	0	0	0	0	0	0	0	0	0
Zotu241	0	0	39	0	0	0	0	0	0	0	0	0	0	0	0	0	0	0	0	0	0	0
Zotu34	0	0	31	0	0	0	0	89	0	0	0	0	0	0	0	0	0	1565	0	0	0	0
Zotu325	0	0	17	0	0	0	0	0	0	0	0	0	0	0	0	0	0	0	0	0	0	0
Zotu310	0	0	22	0	0	0	0	0	0	0	0	0	0	0	0	0	0	0	0	0	0	0
Zotu395	0	0	16	0	0	0	0	0	0	0	0	0	0	0	0	0	0	0	0	0	0	0
Zotu163	0	0	81	0	0	0	0	0	0	0	0	0	0	0	0	0	0	0	0	0	0	0
Zotu139	0	0	6	0	0	16	0	84	11	0	0	0	13	0	0	14	2	0	0	0	0	0
Zotu343	0	0	16	0	0	0	0	0	0	0	0	0	0	0	0	0	0	0	0	0	0	0
Zotu124	0	0	16	0	0	0	0	0	0	0	0	0	0	147	0	0	0	0	0	0	0	0
Zotu237	0	0	2	0	0	0	0	0	0	0	0	0	0	0	0	0	0	7	37	0	0	0
Zotu244	0	0	6	2	0	11	0	12	0	0	0	0	2	0	0	4	0	1	0	0	0	0
Zotu18	0	0	7	2740	0	47	0	0	0	0	0	0	72	1143	4	0	17	96	0	0	0	0
Zotu256	0	0	1	0	0	0	0	0	0	0	0	0	0	33	0	0	0	0	0	0	0	0
Zotu201	0	0	3	0	0	0	0	0	0	0	0	0	0	64	0	0	0	0	0	0	0	0
Zotu314	0	0	3	3	0	0	0	0	0	0	0	0	0	0	0	0	0	27	0	0	0	0
Zotu156	0	0	1	0	0	0	0	0	2	0	0	0	0	0	0	1	0	0	0	0	104	0
Zotu309	0	0	1	0	0	0	0	0	0	0	0	0	0	28	0	0	0	0	0	0	0	0
Zotu364	0	0	1	0	0	0	0	4	0	0	0	0	0	0	0	0	0	24	0	0	0	0
Zotu86	0	0	1	9	1	3	0	0	0	0	1	2	0	2	0	14	3	0	27	0	238	0
Zotu322	0	0	0	7	0	0	0	0	0	0	0	0	0	0	0	0	0	6	0	0	5	0
Zotu221	0	0	0	17	0	3	0	0	5	0	0	0	0	0	0	0	0	20	0	0	0	0
Zotu344	0	0	0	5	0	0	0	2	0	0	1	0	0	0	0	4	0	12	2	0	0	0
Zotu204	0	0	0	8	0	0	0	0	0	0	0	0	0	0	0	0	6	0	54	0	0	0
Zotu352	0	0	0	10	0	4	0	0	0	0	0	0	0	1	0	0	0	0	0	0	0	0
Zotu103	0	0	0	18	0	0	0	2	0	0	1	0	0	1	0	16	11	67	31	0	107	0
Zotu123	0	0	0	18	0	23	0	0	0	0	0	0	0	0	0	0	0	0	130	0	0	0
Zotu70	0	0	0	7	161	5	0	0	64	0	9	0	0	106	0	0	1	0	7	0	0	0
Zotu328	0	0	0	4	0	0	0	0	0	0	0	0	0	0	0	0	1	15	0	0	0	0
Zotu114	0	0	0	7	128	3	0	0	36	0	11	1	0	55	0	0	0	0	5	0	0	0
Zotu63	0	0	0	4	16	1	40	0	0	285	0	0	0	0	0	0	5	0	0	17	0	0
Zotu318	0	0	0	7	0	0	0	0	1	0	0	0	0	0	0	0	0	0	14	0	0	0
Zotu251	0	0	0	7	0	0	0	0	0	0	0	0	0	0	0	0	0	33	0	0	0	0
Zotu117	0	0	0	5	26	0	0	0	31	0	0	0	0	90	0	0	0	0	0	0	0	0
Zotu393	0	0	0	7	1	9	0	0	0	0	5	0	0	0	0	0	0	0	0	0	0	0
Zotu385	0	0	0	1	0	0	0	0	0	0	0	0	0	0	0	3	0	8	4	0	0	0
Zotu369	0	0	0	7	1	0	1	4	3	0	0	0	0	0	0	0	7	0	0	0	0	0
Zotu102	0	0	0	3	1	0	0	0	6	0	4	0	0	0	0	0	165	0	47	0	0	0
Zotu317	0	0	0	3	0	0	0	0	0	0	0	0	0	0	0	0	0	0	0	0	14	0
Zotu209	0	0	0	3	3	0	55	0	0	2	0	0	0	0	0	0	0	0	0	22	0	0
Zotu149	0	0	0	5	28	8	0	0	41	1	0	0	0	31	0	0	1	0	0	0	0	0
Zotu199	0	0	0	1	0	0	0	0	0	0	0	0	0	0	0	0	0	0	0	0	73	0
Zotu46	0	0	0	0	843	5	2	0	0	85	0	0	0	5	3	0	6	0	0	127	0	0
Zotu14	0	0	0	0	111	0	86	0	0	1297	0	0	0	0	1279	0	29	0	0	1058	0	0
Zotu215	0	0	0	0	115	0	0	0	2	20	0	0	0	8	119	0	0	0	0	49	0	0
Zotu21	0	0	0	0	203	0	205	0	1	1023	0	0	0	0	643	0	25	0	0	731	0	0
Zotu292	0	0	0	0	17	0	0	0	0	4	0	0	0	0	0	0	0	0	0	72	0	0
Zotu169	0	0	0	0	34	0	0	0	0	27	0	0	0	0	0	0	1	0	0	30	0	0
Zotu76	0	0	0	0	173	0	1	0	0	86	0	0	0	0	0	0	1	0	0	131	0	0
Zotu249	0	0	0	0	2	0	0	0	0	0	7	0	0	9	0	0	10	0	0	0	0	0
Zotu308	0	0	0	0	22	0	1	0	0	2	0	0	0	0	2	0	0	0	0	2	0	0
Zotu190	0	0	0	0	33	0	1	0	0	20	3	0	0	0	0	0	9	0	0	13	0	0
Zotu341	0	0	0	0	31	0	0	0	2	7	0	0	0	0	36	0	0	0	0	12	0	0
Zotu42	0	0	0	0	4	0	11	0	0	408	0	0	0	0	346	0	3	0	0	304	0	0
Zotu227	0	0	0	0	7	6	0	0	0	17	0	0	0	0	0	8	0	0	0	0	0	0
Zotu33	0	0	0	0	63	0	3	0	0	627	0	0	0	1	641	0	10	0	0	569	0	0
Zotu111	0	0	0	0	108	7	0	0	0	42	0	0	0	5	42	0	0	0	0	15	0	0
Zotu67	0	0	0	0	60	0	2	0	0	231	0	0	0	0	106	0	7	0	0	142	0	0
Zotu20	0	0	0	0	81	0	3	0	0	975	0	0	0	0	937	0	28	0	0	840	0	0
Zotu217	0	0	0	0	11	0	0	0	0	35	0	0	0	0	2	0	0	0	0	45	0	0
Zotu175	0	0	0	0	39	0	0	0	15	3	0	0	0	21	0	0	20	0	0	1	0	0
Zotu146	0	0	0	0	23	6	0	0	40	2	11	0	0	0	0	11	107	0	0	0	0	0
Zotu197	0	0	0	0	11	0	0	0	0	15	0	0	0	0	17	0	0	0	0	5	0	0
Zotu144	0	0	0	0	42	3	6	0	0	33	0	0	0	1	0	0	0	0	0	34	0	0
Zotu32	0	0	0	0	51	0	22	0	0	667	0	0	0	0	589	0	16	0	0	520	0	0
Zotu238	0	0	0	0	10	0	9	0	0	5	0	0	0	0	0	0	0	0	0	22	0	0
Zotu143	0	0	0	0	72	0	1	0	0	34	0	0	0	0	0	0	0	0	0	53	0	0
Zotu179	0	0	0	0	22	0	1	0	0	24	0	0	0	0	41	0	0	0	0	12	0	0
Zotu389	0	0	0	0	5	2	0	0	5	0	0	1	0	1	0	0	0	0	0	0	0	0
Zotu99	0	0	0	0	9	0	105	0	0	57	0	0	0	0	3	0	5	0	0	21	0	0
Zotu118	0	0	0	0	64	0	1	0	0	36	0	0	0	0	1	0	0	0	0	54	0	0
Zotu222	0	0	0	0	19	0	5	0	0	1	0	0	0	0	0	0	0	0	0	48	0	0
Zotu259	0	0	0	0	5	8	0	0	0	0	21	6	0	2	9	0	0	0	0	1	0	0
Zotu330	0	0	0	0	8	1	0	0	25	0	0	0	0	0	0	0	0	0	0	0	0	0
Zotu180	0	0	0	0	3	0	9	0	0	41	0	0	0	0	5	0	15	0	0	13	0	0
Zotu50	0	0	0	0	19	0	71	0	0	363	0	0	0	1	274	0	9	0	0	234	0	0
Zotu387	0	0	0	0	8	3	0	0	1	0	5	1	0	6	0	0	1	0	0	0	0	0
Zotu17	0	0	0	0	1	0	295	0	0	55	0	0	0	0	3265	0	0	0	0	3	0	0
Zotu172	0	0	0	0	11	4	0	0	29	1	32	0	0	21	0	0	0	0	0	1	0	0
Zotu84	0	0	0	0	19	0	14	0	0	111	0	0	0	0	63	0	0	0	0	64	0	0
Zotu340	0	0	0	0	9	0	0	0	0	1	0	0	0	9	0	0	2	0	0	0	0	0
Zotu165	0	0	0	0	11	0	0	0	0	27	0	0	0	0	0	0	0	0	0	49	0	0
Zotu388	0	0	0	0	3	0	0	0	0	2	0	0	0	0	1	0	0	0	0	12	0	0
Zotu126	0	0	0	0	8	0	89	0	0	1	2	0	0	0	0	0	0	0	0	52	0	0
Zotu38	0	0	0	0	9	2	9	0	1	532	2	1	0	21	307	2	3	0	0	374	0	0
Zotu356	0	0	0	0	5	0	0	0	12	0	0	0	0	0	0	0	0	0	0	0	0	0
Zotu113	0	0	0	0	3	0	89	0	0	33	0	0	0	0	5	0	12	1	0	15	0	0
Zotu282	0	0	0	0	6	0	0	0	11	0	3	0	0	5	0	0	0	0	0	0	0	0
Zotu207	0	0	0	0	8	0	25	0	1	9	0	0	0	0	0	0	1	0	0	1	0	0
Zotu192	0	0	0	0	5	3	0	0	0	0	12	15	0	0	0	0	30	0	0	0	0	0
Zotu239	0	0	0	0	6	2	0	0	0	0	0	30	0	0	0	0	0	0	0	0	0	0
Zotu291	0	0	0	0	2	0	2	0	0	59	0	0	0	0	0	0	0	0	0	9	0	0
Zotu71	0	0	0	0	3	0	5	0	0	124	0	0	0	0	86	0	0	0	0	88	0	0
Zotu203	0	0	0	0	2	0	1	0	0	73	0	0	0	0	0	0	0	0	0	0	0	0
Zotu332	0	0	0	0	7	7	1	0	0	0	4	1	0	0	0	0	9	0	0	0	0	0
Zotu300	0	0	0	0	4	0	0	0	0	8	0	0	0	0	7	0	0	0	0	3	0	0
Zotu80	0	0	0	0	5	0	42	0	0	228	0	0	0	0	0	0	0	0	0	21	0	0
Zotu120	0	0	0	0	3	0	11	0	0	63	0	0	0	0	72	0	3	0	0	54	0	0
Zotu348	0	0	0	0	5	0	1	0	0	3	0	3	0	0	0	0	4	0	0	9	0	0
Zotu82	0	0	0	0	3	0	14	0	0	100	0	0	0	0	129	0	1	0	0	73	0	0
Zotu304	0	0	0	0	1	0	42	0	0	8	0	0	0	0	1	0	3	0	0	0	0	0
Zotu212	0	0	0	0	1	0	1	0	0	51	0	0	0	0	0	0	0	0	0	4	0	0
Zotu155	0	0	0	0	1	0	77	0	0	15	0	0	0	0	2	0	1	0	0	1	1	0
Zotu243	0	0	0	0	2	0	22	0	2	2	0	0	0	0	0	0	0	0	0	2	0	0
Zotu231	0	0	0	0	1	0	4	0	0	39	0	0	0	0	11	0	0	0	0	2	0	0
Zotu211	0	0	0	0	0	8	0	36	5	0	0	0	5	0	0	4	0	4	5	0	0	0
Zotu236	0	0	0	0	0	5	0	0	0	0	8	0	0	0	0	0	30	0	0	0	0	0
Zotu279	0	0	0	0	0	9	0	0	0	0	4	0	0	0	0	0	17	0	0	0	0	0
Zotu361	0	0	0	0	0	7	0	0	0	0	0	0	0	0	0	0	7	0	0	0	0	0
Zotu223	0	0	0	0	0	4	0	0	0	0	11	0	0	0	0	0	36	0	0	0	0	0
Zotu327	0	0	0	0	0	3	0	0	0	0	3	0	0	0	0	0	9	0	0	0	0	0
Zotu187	0	0	0	0	0	8	0	0	0	0	19	4	0	0	0	0	44	0	0	0	0	0
Zotu49	0	0	0	0	0	1	0	2	0	0	0	0	0	0	0	1	0	0	0	0	20	743
Zotu23	0	0	0	0	0	0	2051	0	0	0	0	0	0	0	11	0	0	0	0	394	0	0
Zotu28	0	0	0	0	0	0	1389	0	9	0	0	0	0	0	8	0	0	0	0	354	0	0
Zotu24	0	0	0	0	0	0	2143	0	0	0	0	0	0	0	13	0	0	0	0	438	0	0
Zotu206	0	0	0	0	0	0	26	0	0	16	0	0	0	0	6	0	1	0	0	5	0	0
Zotu377	0	0	0	0	0	0	183	0	0	13	0	0	0	0	332	0	0	0	0	260	0	0
Zotu355	0	0	0	0	0	0	17	0	0	1	0	0	0	0	0	0	0	0	0	3	0	0
Zotu353	0	0	0	0	0	0	3	0	13	0	2	0	0	0	0	0	0	0	0	0	0	0
Zotu109	0	0	0	0	0	0	3	0	0	109	0	0	0	0	54	0	2	0	0	67	0	0
Zotu384	0	0	0	0	0	0	3	0	0	2	0	0	0	0	0	0	0	0	0	9	0	0
Zotu132	0	0	0	0	0	0	1	0	0	2	0	0	0	0	98	0	0	0	0	0	0	0
Zotu298	0	0	0	0	0	0	1	0	0	0	0	0	0	0	41	0	0	0	0	0	0	0
Zotu166	0	0	0	0	0	0	0	12	0	0	0	0	0	0	0	0	0	90	0	0	0	0
Zotu277	0	0	0	0	0	0	0	28	0	0	0	0	0	0	0	0	0	0	0	0	0	0
Zotu302	0	0	0	0	0	0	0	26	0	0	0	0	0	0	0	0	0	0	0	0	0	0
Zotu345	0	0	0	0	0	0	0	17	0	0	0	0	0	0	0	0	0	0	0	0	0	0
Zotu288	0	0	0	0	0	0	0	30	0	0	0	0	0	0	0	0	0	0	0	0	0	0
Zotu394	0	0	0	0	0	0	0	12	0	0	0	0	0	0	0	11	0	0	0	0	0	0
Zotu316	0	0	0	0	0	0	0	21	0	0	0	0	0	0	0	0	0	0	0	0	0	0
Zotu370	0	0	0	0	0	0	0	20	0	0	0	0	0	0	0	0	0	0	0	0	0	0
Zotu281	0	0	0	0	0	0	0	24	0	0	0	0	0	0	0	0	0	0	0	0	0	0
Zotu371	0	0	0	0	0	0	0	17	0	0	0	0	0	0	0	0	0	0	0	0	0	0
Zotu266	0	0	0	0	0	0	0	8	4	0	0	0	13	8	0	2	0	10	0	0	0	0
Zotu234	0	0	0	0	0	0	0	17	0	0	0	0	0	0	0	0	9	0	36	0	0	0
Zotu43	0	0	0	0	0	0	0	4	0	0	0	0	0	0	0	0	0	0	0	0	9	959
Zotu253	0	0	0	0	0	0	0	0	19	0	0	0	0	0	0	0	0	0	0	0	0	0
Zotu349	0	0	0	0	0	0	0	0	19	0	0	0	0	0	0	0	0	0	0	0	0	0
Zotu264	0	0	0	0	0	0	0	0	26	0	0	0	0	0	0	0	3	0	0	0	0	0
Zotu220	0	0	0	0	0	0	0	0	5	0	0	0	0	0	0	0	0	7	39	0	0	0
Zotu346	0	0	0	0	0	0	0	0	15	0	0	0	0	0	0	0	0	0	0	0	0	0
Zotu154	0	0	0	0	0	0	0	0	2	0	0	0	4	0	0	0	0	0	5	0	0	237
Zotu194	0	0	0	0	0	0	0	0	6	0	21	11	0	11	0	0	2	0	18	1	0	0
Zotu233	0	0	0	0	0	0	0	0	2	0	2	3	0	0	0	9	0	20	5	0	0	0
Zotu333	0	0	0	0	0	0	0	0	0	8	0	0	0	0	7	0	0	0	0	7	0	0
Zotu224	0	0	0	0	0	0	0	0	0	26	0	0	0	0	22	0	0	0	0	12	0	0
Zotu359	0	0	0	0	0	0	0	0	0	1	1	0	0	1	0	0	19	0	0	1	0	0
Zotu354	0	0	0	0	0	0	0	0	0	0	4	0	0	0	0	0	25	0	0	0	0	0
Zotu382	0	0	0	0	0	0	0	0	0	0	3	0	0	0	0	0	31	0	0	0	0	0
Zotu137	0	0	0	0	0	0	0	0	0	0	10	1	0	0	0	0	198	0	0	0	0	0
Zotu329	0	0	0	0	0	0	0	0	0	0	1	1	0	0	0	0	18	0	0	0	0	0
Zotu177	0	0	0	0	0	0	0	0	0	0	0	64	0	3	0	0	0	0	0	0	0	0
Zotu297	0	0	0	0	0	0	0	0	0	0	0	22	0	0	0	0	0	0	0	0	0	0
Zotu260	0	0	0	0	0	0	0	0	0	0	0	26	0	0	0	0	0	0	0	0	0	0
Zotu240	0	0	0	0	0	0	0	0	0	0	0	3	0	1	0	0	0	25	0	0	0	0
Zotu107	0	0	0	0	0	0	0	0	0	0	0	1	0	0	0	0	0	0	20	0	5	177
Zotu254	0	0	0	0	0	0	0	0	0	0	0	0	2	1	0	0	0	35	0	0	0	0
Zotu44	0	0	0	0	0	0	0	0	0	0	0	0	0	1127	0	0	0	0	0	0	0	0
Zotu135	0	0	0	0	0	0	0	0	0	0	0	0	0	127	0	0	0	0	0	0	0	0
Zotu182	0	0	0	0	0	0	0	0	0	0	0	0	0	89	0	0	0	0	0	0	0	0
Zotu184	0	0	0	0	0	0	0	0	0	0	0	0	0	86	0	0	0	0	0	0	0	0
Zotu181	0	0	0	0	0	0	0	0	0	0	0	0	0	92	0	0	0	0	0	0	0	0
Zotu270	0	0	0	0	0	0	0	0	0	0	0	0	0	42	0	0	0	0	0	0	0	0
Zotu324	0	0	0	0	0	0	0	0	0	0	0	0	0	17	0	0	0	0	0	0	0	0
Zotu276	0	0	0	0	0	0	0	0	0	0	0	0	0	41	0	0	0	0	0	0	0	0
Zotu350	0	0	0	0	0	0	0	0	0	0	0	0	0	28	0	0	0	0	0	0	0	0
Zotu285	0	0	0	0	0	0	0	0	0	0	0	0	0	2	0	0	25	0	0	0	0	0
Zotu268	0	0	0	0	0	0	0	0	0	0	0	0	0	0	0	22	0	0	0	0	0	0
Zotu56	0	0	0	0	0	0	0	0	0	0	0	0	0	0	0	136	7	0	488	0	0	0
Zotu185	0	0	0	0	0	0	0	0	0	0	0	0	0	0	0	1	0	0	0	0	69	0
Zotu335	0	0	0	0	0	0	0	0	0	0	0	0	0	0	0	8	0	0	0	0	8	0
Zotu176	0	0	0	0	0	0	0	0	0	0	0	0	0	0	0	1	0	1	0	0	96	0
Zotu280	0	0	0	0	0	0	0	0	0	0	0	0	0	0	0	0	31	0	0	0	0	0
Zotu235	0	0	0	0	0	0	0	0	0	0	0	0	0	0	0	0	4	0	0	34	0	0
Zotu261	0	0	0	0	0	0	0	0	0	0	0	0	0	0	0	0	0	36	0	0	0	0
Zotu283	0	0	0	0	0	0	0	0	0	0	0	0	0	0	0	0	0	21	0	0	0	0
Zotu196	0	0	0	0	0	0	0	0	0	0	0	0	0	0	0	0	0	56	0	0	0	0
Zotu337	0	0	0	0	0	0	0	0	0	0	0	0	0	0	0	0	0	29	0	0	0	0
Zotu375	0	0	0	0	0	0	0	0	0	0	0	0	0	0	0	0	0	15	0	0	0	0
Zotu274	0	0	0	0	0	0	0	0	0	0	0	0	0	0	0	0	0	31	0	0	0	0
Zotu315	0	0	0	0	0	0	0	0	0	0	0	0	0	0	0	0	0	24	0	0	0	0
Zotu383	0	0	0	0	0	0	0	0	0	0	0	0	0	0	0	0	0	12	0	0	0	0
Zotu363	0	0	0	0	0	0	0	0	0	0	0	0	0	0	0	0	0	18	0	0	0	0
Zotu284	0	0	0	0	0	0	0	0	0	0	0	0	0	0	0	0	0	21	0	0	0	0
Zotu367	0	0	0	0	0	0	0	0	0	0	0	0	0	0	0	0	0	10	0	0	0	0
Zotu357	0	0	0	0	0	0	0	0	0	0	0	0	0	0	0	0	0	16	0	0	0	0
Zotu397	0	0	0	0	0	0	0	0	0	0	0	0	0	0	0	0	0	13	0	0	0	0
Zotu247	0	0	0	0	0	0	0	0	0	0	0	0	0	0	0	0	0	0	32	0	0	0
Zotu307	0	0	0	0	0	0	0	0	0	0	0	0	0	0	0	0	0	0	19	0	0	0
Zotu278	0	0	0	0	0	0	0	0	0	0	0	0	0	0	0	0	0	0	27	0	0	0
Zotu320	0	0	0	0	0	0	0	0	0	0	0	0	0	0	0	0	0	0	14	0	0	0
Zotu334	0	0	0	0	0	0	0	0	0	0	0	0	0	0	0	0	0	0	0	0	21	0
Zotu273	0	0	0	0	0	0	0	0	0	0	0	0	0	0	0	0	0	0	0	0	33	0
Zotu386	0	0	0	0	0	0	0	0	0	0	0	0	0	0	0	0	0	0	0	0	27	0
Zotu248	0	0	0	0	0	0	0	0	0	0	0	0	0	0	0	0	0	0	0	0	24	0
Zotu225	0	0	0	0	0	0	0	0	0	0	0	0	0	0	0	0	0	0	0	0	46	0
Zotu338	0	0	0	0	0	0	0	0	0	0	0	0	0	0	0	0	0	0	0	0	17	0
Zotu40	0	0	0	0	0	0	0	0	0	0	0	0	0	0	0	0	0	0	0	0	10	1517
Zotu122	0	0	0	0	0	0	0	0	0	0	0	0	0	0	0	0	0	0	0	0	1	111
Zotu13	0	0	0	0	0	0	0	0	0	0	0	0	0	0	0	0	0	0	0	0	0	4106
Zotu12	0	0	0	0	0	0	0	0	0	0	0	0	0	0	0	0	0	0	0	0	0	4133
Zotu250	0	0	0	0	0	0	0	0	0	0	0	0	0	0	0	0	0	0	0	0	0	43
Zotu68	0	0	0	0	0	0	0	0	0	0	0	0	0	0	0	0	0	0	0	0	0	306
Zotu134	0	0	0	0	0	0	0	0	0	0	0	0	0	0	0	0	0	0	0	0	0	251
Zotu26	0	0	0	0	0	0	0	0	0	0	0	0	0	0	0	0	0	0	0	0	0	2696
Zotu148	0	0	0	0	0	0	0	0	0	0	0	0	0	0	0	0	0	0	0	0	0	562
Zotu72	0	0	0	0	0	0	0	0	0	0	0	0	0	0	0	0	0	0	0	0	0	388
Zotu141	0	0	0	0	0	0	0	0	0	0	0	0	0	0	0	0	0	0	0	0	0	107
Zotu98	0	0	0	0	0	0	0	0	0	0	0	0	0	0	0	0	0	0	0	0	0	569
Zotu263	0	0	0	0	0	0	0	0	0	0	0	0	0	0	0	0	0	0	0	0	0	123
Zotu95	0	0	0	0	0	0	0	0	0	0	0	0	0	0	0	0	0	0	0	0	0	587
Zotu365	0	0	0	0	0	0	0	0	0	0	0	0	0	0	0	0	0	0	0	0	0	69
Zotu115	0	0	0	0	0	0	0	0	0	0	0	0	0	0	0	0	0	0	0	0	0	239
Zotu157	0	0	0	0	0	0	0	0	0	0	0	0	0	0	0	0	0	0	0	0	0	565
Zotu323	0	0	0	0	0	0	0	0	0	0	0	0	0	0	0	0	0	0	0	0	0	37
Zotu100	0	0	0	0	0	0	0	0	0	0	0	0	0	0	0	0	0	0	0	0	0	759
Zotu121	0	0	0	0	0	0	0	0	0	0	0	0	0	0	0	0	0	0	0	0	0	384
Zotu110	0	0	0	0	0	0	0	0	0	0	0	0	0	0	0	0	0	0	0	0	0	197
Zotu89	0	0	0	0	0	0	0	0	0	0	0	0	0	0	0	0	0	0	0	0	0	494
Zotu131	0	0	0	0	0	0	0	0	0	0	0	0	0	0	0	0	0	0	0	0	0	198
Zotu64	0	0	0	0	0	0	0	0	0	0	0	0	0	0	0	0	0	0	0	0	0	627
Zotu164	0	0	0	0	0	0	0	0	0	0	0	0	0	0	0	0	0	0	0	0	0	200
Zotu138	0	0	0	0	0	0	0	0	0	0	0	0	0	0	0	0	0	0	0	0	0	283
Zotu88	0	0	0	0	0	0	0	0	0	0	0	0	0	0	0	0	0	0	0	0	0	299
Zotu161	0	0	0	0	0	0	0	0	0	0	0	0	0	0	0	0	0	0	0	0	0	143
Zotu83	0	0	0	0	0	0	0	0	0	0	0	0	0	0	0	0	0	0	0	0	0	284
Zotu91	0	0	0	0	0	0	0	0	0	0	0	0	0	0	0	0	0	0	0	0	0	236
Zotu153	0	0	0	0	0	0	0	0	0	0	0	0	0	0	0	0	0	0	0	0	0	157
Zotu170	0	0	0	0	0	0	0	0	0	0	0	0	0	0	0	0	0	0	0	0	0	343
Zotu158	0	0	0	0	0	0	0	0	0	0	0	0	0	0	0	0	0	0	0	0	0	97
Zotu128	0	0	0	0	0	0	0	0	0	0	0	0	0	0	0	0	0	0	0	0	0	112
Zotu162	0	0	0	0	0	0	0	0	0	0	0	0	0	0	0	0	0	0	0	0	0	105
Zotu287	0	0	0	0	0	0	0	0	0	0	0	0	0	0	0	0	0	0	0	0	0	41
Zotu306	0	0	0	0	0	0	0	0	0	0	0	0	0	0	0	0	0	0	0	0	0	21
Zotu342	0	0	0	0	0	0	0	0	0	0	0	0	0	0	0	0	0	0	0	0	0	38
Zotu312	0	0	0	0	0	0	0	0	0	0	0	0	0	0	0	0	0	0	0	0	0	16
