identity	1-CA2a	1-CH2a	1-Ea	1-PA2a	1-PH1a	2-CA2a	2-CH1b	2-Ea	2-PA1b	2-PH2a	3-CA1b	3-CH2a	3-Eb	3-PA1a	3-PH1b	4-CA1a	4-CH1a	4-Ea	4-PA2a	4-PH1b	blank-060823STillcus515F	mock-060823STillcus515F	
lewinellaceae	0.0177268295565338139273790900	0.0179356111559501390009864600	0	0	0.0033064409469646872106864200	0	0	0	0.0711017682700630641770743200	0	0	0	0	0.1566324033284385707293196300	0	0	0.0975387716617355398771011500	0.0799565036620078677199603400	0.1996076676876484151839487900	0	0	0
shimia marina	0.0590894318551127130912636300	0.1076136669357008340059187500	0	0.0321450384133209039184801800	0.0264515275757174976854913400	0.2977999270694056156557675900	0	0	0.0803759119574625942871274900	0.0089640541428870230376191500	0.8589362405021473406012553700	0.2022861546365270999229386100	0	0.1174743024963289280469897200	0.0029719448407037565382786500	0.0248685519397470513002700	3.6479500601489091914035829200	0	0.1204529029149602505420380600	0.0030271841133377732033662300	0	0
photobacterium rosenbergii	0.0059089431855112713091263600	0.0029892685259916898334977400	0	0	0.0033064409469646872106864200	0	0.0327907947296249925475466500	0	0.0772845307283294175837764300	0.4123464905728030597304807700	0.0150163678409466318286932800	0	0	0	0.0505230622919638611507370400	0	0.045518093442143251942647200	0	0.0240905805829920501084076100	0.0393533934733910516437609700	0	0
enterococcus faecium	0	0	0	0	0	0	0	0	0	0	0	0	0	0	0	0	0	0	0	0	0	0.5366420563303254033360678200
thalassotalea agarivorans	0	0.0089678055779750695004932300	0	0	0.0793545827271524930564740100	0.0455816214902151452534338200	0	0	0.1978483986645233090144676600	0.0059760360952580153584127600	0.0450491035228398954860798300	0	0	0	0	0.0390791530481739377575671500	0.4096628409792892674838248200	0	0	0	0	0
sagittula stellata	0.0620439034478683487458268100	0.1016351298837174543389232700	0.0059553940982044486793913600	0.0321450384133209039184801800	0.0165322047348234360534320900	0.2157530083870183541995867300	0.0029809813390568175043224200	0	0.2009397798936564857178187200	0.0298801804762900767920638200	0.468510676637534913055230200	0.1509118931415360904187002300	0	0.208843204437918094305759500	0.011887779362815026153114600	0.0284212022168537729145942900	0.7315407874630165490782586100	0.0191895608788818882527904800	0.1411019719860962934921017300	0.0090815523400133196100986900	0	0
haliea	0	0	0	0	0	0	0	0	0	0	0	0	0	0	0	0	0	0.09274954424792912655515400	0	0	0	0
candidatus pelagibacter	0	0.0298926852599168983349774300	0	0	0	0	0	0.0093905531035778007324631400	0	0	0	0	0	0	0	0.0497371038794941026005400	0	0.0639652029296062941759682700	0	0	0	0
cellvibrionaceae	0.0709073182261352557095163500	0.0298926852599168983349774300	0	0.0160725192066604519592400900	0.0429837323105409337389234200	0.1640938373647745229123617400	0	0	0.0309138122913317670335105700	0	0.1501636784094663182869327600	0.0963267403031081428204469600	0	0.0228422254853972915646924500	0	0.0213159016626403296859457200	0.4519296420327080014305686500	0	0	0.0030271841133377732033662300	0	0
pseudoalteromonas phenolica	0	0.0119570741039667593339909700	0	0.0064290076826641807836960400	0.0991932284089406163205925100	0.0030387747660143430168955900	0.0029809813390568175043224200	0.0281716593107334021973894300	0.0154569061456658835167552900	0	0.0060065471363786527314773100	0	0	0	0	0	0.0195077543323471079754202300	0	0.0034415115118560071583439400	0	0	0
colwelliaceae	0	0	0	0	0	0	0	0	0	0	0.0300327356818932636573865500	0.003210891343436938094014900	0	0	0	0	0.6437558929674545631888675700	0	0	0	0	0
lentisphaeria	0	0.0059785370519833796669954900	0	0	0.019838645681788123264118500	0.0060775495320286860337911800	0	0	0	0	0	0.1380683277677883380426406400	0	0	0	0	0	0	0	0	0	0
bacillus subtilis	0	0	0	0	0	0	0	0	0	0	0	0	0	0	0	0	0	0	0	0	0	18.632075471698113207547169810
proteobacteria	0	0	0	0	0	0	0	0	0	0	0	0	0	0.2904225811714798498939468100	0	0	0	0	0	0	0	0
tropicimonas sediminicola	0.0118178863710225426182527300	0.0388604908378919678354706600	0	0	0.0066128818939293744213728300	0.024310198128114744135164700	0	0	0.043279337207864473846914800	0.0029880180476290076792063800	0.0510556506592185482175571400	0.0160544567171846904700744900	0.0059238196789289734020496400	0.0391581008321096426823299100	0	0.0142106011084268864572971400	0.0617745553857658419221640600	0	0.030973603606704064425095500	0	0	0
lentisphaerales	0	0.020924879681941828834484200	0	0	0	0	0	0	0	0	0	0.0866940662727973285384022600	0	0	0	0	0.0260103391097961439672269700	0	0	0	0	0
neptuniibacter	0.0088634147782669069636895400	0.0029892685259916898334977400	0	0.0321450384133209039184801800	0.4662081735220208967067848200	0.024310198128114744135164700	0	0	0.1267466303944602448373933500	0	0.1231342162957623809952848600	0.009632674030310814282044700	0	0.1957905041605482134116495300	0	0	0.0195077543323471079754202300	0	0.0172075575592800357917197200	0	0	0
schleiferiaceae	0.0236357727420450852365054500	0.2929483155471856036827788200	0	0.0064290076826641807836960400	0	0.0060775495320286860337911800	0	0	0	0	0	0	0	0.0032631750693424702235274900	0	0	0.0097538771661735539877101100	0	0	0	0	0
pirellulaceae	0	0	0	0	0	0	0	0	0	0	0	0	0	0	0	0	0	0.0319826014648031470879841400	0	0	0	0
desulfobacterales	0	0	0.0297769704910222433969567900	8.807740525249927673663570030	0	0.1428224140026741217940926200	0	0	0	0	0	0	0.213257508441443042473787100	3.9386523086963615597976831500	0.011887779362815026153114600	0	0.0552719706083168059303573200	0.3070329740621102120446477100	0	0	0	0
bradyrhizobium lupini	0	0	0	0	0	0	0	0	0	0	0	0	0	0	0	0	0	0	0	0	0.1356652018757188781077653600	0
vibrio rumoiensis	0	0	0	0.0128580153653283615673920700	3.0253934664726887977780716800	0.0273489728941290871520602900	0.143087104274727240207476300	0	0	1.290823796575731317417157200	0	0	0	0.0195790504160548213411649500	0.011887779362815026153114600	0	0.0357642162759696979549370900	0	0	0.7234970030877277956045286700	0	0
bacillus megaterium	0.0029544715927556356545631800	0	0	0	0	0	0	0	0	0	0	0	0	0	0	0	0	0	0	0	0	4.5358217117856166256494394300
novosphingobium subarcticum	0.0059089431855112713091263600	0	0	0	0	0	0	0	0	0	0	0	0	0	0	0	0	0	0	0	0.0766803314949715398000412900	0
hyphomonas neptunium	0.0236357727420450852365054500	0.0508175649418587271694616300	0.0178661822946133460381740800	0.0160725192066604519592400900	0.0396772913635762465282370100	0.0364652971921721162027470500	0	0	0.5038951403487078026462223300	0.0029880180476290076792063800	0.0090098207045679790972159700	0.0288980220909324428461340900	0	0.1174743024963289280469897200	0	0	0.0552719706083168059303573200	0	0.1755170871046563650755411800	0	0	0
pseudomonadaceae	0	0.0029892685259916898334977400	0	0	0	0	0	0	0	0	0	0	0.0059238196789289734020496400	0.0065263501386849404470549800	0	0	0	0.0831547638084881824287587600	0	0	0	0
aeromonadaceae	0	0	0	0	0.482740378256844332760216900	0	0	0	0.0123655249165327068134042300	0.0806764872859832073385723200	0	0	0	0.0261054005547397617882199400	0.4606514503090822634331906800	0	0	0	0	0.1846582309136041654053399500	0	0
microbulbifer maritimus	0	0	0	0	0	0	0	0.0876451623000594735029893300	0	0	0	0	0	0	0	0	0	0	0	0	0	0
marinobacteraceae	0	0.0089678055779750695004932300	0	0	0	0	0	0	0	0	0	0.009632674030310814282044700	0	0	0	0.0106579508313201648429728600	0.0292616314985206619631303400	0	0	0	0	0
eubacteriales family xii. incertae sedis	0.0088634147782669069636895400	0.0059785370519833796669954900	0	0.0610755729853097174451123500	29.582727152493056474011374160	0	0.0894294401717045251296726900	0	0.0927414368739953011005317200	3.9172916604416290674395673300	0	0.0931158489596712047264320600	0.0059238196789289734020496400	0.0097895252080274106705824800	0	0	0.2796111454303085476476899600	0	0.0722717417489761503252228400	5.1885935702609432705697160500	0	0
corynebacterium tuberculostearicum	0	0	0	0.0225015268893246327429361300	0	0	0	0	0	0	0	0	0	0	0	0	0	0.0191895608788818882527904800	0	0	0.0147462175951868345769310200	0
leptotrichia wadei	0	0	0	0	0	0	0	0	0	0	0	0	0	0	0	0	0	0	0	0	0.0619341138997847052231102700	0
algicola bacteriolytica	0	0.0179356111559501390009864600	0	0	0.0033064409469646872106864200	0.0121550990640573720675823500	0	0.0093905531035778007324631400	0.021639668603932236923457400	0	0.0060065471363786527314773100	0.0160544567171846904700744900	0	0	0	0.0071053005542134432286485700	0	0	0	0	0	0
endozoicomonas elysicola	0	0	0.0178661822946133460381740800	0	0	0.048620396256229488270329400	0	0.2629354869001784205089679800	0.0340051935204649437368616300	0	0	0	0.0385048279130383271133226700	0	0	0.0497371038794941026005400	0.0065025847774490359918067400	0	0	0	0	0
desulfobacteraceae	0	0	0	0	0.0264515275757174976854913400	0	0.0745245334764204376080605700	0	0.0030913812291331767033510600	0.0268921624286610691128574400	0	0	0	0	0	0	0.0032512923887245179959033700	0	0	0.0030271841133377732033662300	0	0
fluviicola	0	0.1404956207216094221743939300	0	0	0	0.0273489728941290871520602900	0	0	0	0	0	0	0	0	0	0.1065795083132016484297285800	0	0	0	0	0	0
marinobacterium jannaschii	0.0059089431855112713091263600	0.0149463426299584491674887200	0	0.0160725192066604519592400900	0.2810474804919984129083454600	0.0911632429804302905068676300	0	0	0.1978483986645233090144676600	0.0149400902381450383960319100	0.495540138751238850346878100	0.0834831749293603904443873600	0	0.1990536792298906836351770300	0.0029719448407037565382786500	0	1.5606203465877686380336183600	0	0.192724644663936400867260900	0.0030271841133377732033662300	0	0
maricurvus nonylphenolicus	0.0118178863710225426182527300	0.0029892685259916898334977400	0	0.0160725192066604519592400900	0.0297579685226821848961777500	0	0	0	0	0	0.0060065471363786527314773100	0	0	0.0913689019415891662587697800	0	0	0.1593133270475013817992652100	0	0.030973603606704064425095500	0	0	0
thalassobius aestuarii	0.0088634147782669069636895400	0.0478282964158670373359638900	0	0	0.0231450866287528104748049200	0.0303877476601434301689558800	0	0	0.0123655249165327068134042300	0	0.0030032735681893263657386600	0.003210891343436938094014900	0	0.0130527002773698808941099700	0	0.0106579508313201648429728600	0.0130051695548980719836134900	0	0	0	0	0
desulforhopalus	0	0	0.0506208498347378137748265500	0	0	0	0	0	0	0	0	0	0	0	0	0	0	0	0	0	0	0
planifilum fimeticola	0	0	0	0	0	0	0	0	0	0	0	0	0	0	0	0	0	0	0.0929208108201121932752865100	0	0	0
bacteroidetes	0	0	0	0	0	0	0	0	0	0	0	0	0	0	0	0	0	0.0671634630760866088847666900	0	0	0	0
spirulina subsalsa	0	0	0.0655093350802489354733049500	0	0	0	0	0	0	0	0	0	0	0	0	0	0	0	0	0	0	0
methylobacterium tardum	0	0	0	0	0	0	0	0	0	0	0	0	0	0	0	0	0	0	0	0	0.0501371398236352375615654600	0
clostridiaceae	0.0118178863710225426182527300	0.0029892685259916898334977400	0	0.0032145038413320903918480200	0.4331437640523740245999206500	0	2.5845108209622607762475406900	0	0.0927414368739953011005317200	1.0906265873845878029103295800	0.0090098207045679790972159700	0.009632674030310814282044700	0	0.6689508892152063958231359100	0.0029719448407037565382786500	0	0.1690672042136749357869753200	0	0	2.1765453774898589332203184600	0	0
halomicronema metazoicum	0	0	0	0	0	0	0	0	0	0	0	0	0	0.4144232338064937183879915200	0	0	0	0	0	0	0	0
endozoicomonas montiporae	97.85505362365940851478713032	95.11553522852957881206468777	98.76723342167167912336598874	83.84068918962358160018001222	26.788784552307895780981351670	92.96523641667679591588671448	0	94.78198265877860205966131405	65.169407691356498083343637940	0.0029880180476290076792063800	84.16373847493768207346007148	94.16902132031852042126894426	99.34837983531781292577453942	49.515418502202643171806167400	0.0148597242035187826913932500	92.91601534744919710103737388	1.6841694573593003218779464800	89.16749288387117408129977292	71.727982930102901194204494610	0	0	0
cohaesibacter marisflavi	0	0.0239141482079335186679819400	0	0.0128580153653283615673920700	0	0	0.0059619626781136350086448500	0	0	0	0	0	0	0	0.0029719448407037565382786500	0	0.0357642162759696979549370900	0	0	0.0030271841133377732033662300	0	0
aestuariivita rhodobacteraceae bacterium	0.0088634147782669069636895400	0	0	0	0	0.0091163242980430290506867600	0	0	0.0154569061456658835167552900	0	0.0060065471363786527314773100	0.0128435653737477523760595900	0	0	0	0	0.0260103391097961439672269700	0	0	0	0	0
halomonadaceae	0.0088634147782669069636895400	0.0567961019938421068364571200	0	0.0450030537786492654858722600	0.0264515275757174976854913400	0.0546979457882581743041205800	0	0	0.1143811054779275380239891200	0	0.114124395591194401898068900	0.0577960441818648856922681700	0	0.0032631750693424702235274900	0	0	0.2601033910979614396722697300	0	0.0240905805829920501084076100	0	0	0
bacillus licheniformis	0	0	0	0	0	0	0	0	0	0	0	0	0	0	0	0	0	0	0	0	0	2.1089691003554826360404703300
delftia tsuruhatensis	0	0	0.0029776970491022243396956800	0.0289305345719888135266321600	0.0033064409469646872106864200	0.0091163242980430290506867600	0	0	0	0	0.0030032735681893263657386600	0.006421782686873876188029800	0	0.0065263501386849404470549800	0	0.0497371038794941026005400	0.0097538771661735539877101100	0	0.0929208108201121932752865100	0	0.7019199575308933258619164200	0
thalassotalea thalassomonas loyana	0.1418146364522705114190327100	0.3318088063850775715182494800	0	0.1189366421292873444983766800	0.4860468192038090199709033200	0.5287468092864956849398322600	0.0149049066952840875216121100	0	1.2489180165698033881538271300	0.0328681985239190844712702100	3.8652130822596630327056491600	0.1701772412021577189827896200	0	0.0522108011094795235764398800	0.005943889681407513076557300	0	17.904867184705920603439867350	0	0.1101283683793922290670062300	0.021190288793364412423563600	0	0
flavobacteriaceae	0.0177268295565338139273790900	0.020924879681941828834484200	0	0	0.0066128818939293744213728300	0.0091163242980430290506867600	0	0	0.0370965747495981204402126900	0	0	0	0	0.0032631750693424702235274900	0	0.0639477049879209890578371500	0	0	0	0	0	0
deltaproteobacteria	0	0.0627746390458254865034526100	0	0	0	0.0212714233621004011182691100	0	0	0	0	0	0	0	0	0	0	0	0	0	0	0	0
neptuniibacter halophilus	0.0118178863710225426182527300	0	0	0.1189366421292873444983766800	3.1311995767755587885200370300	0.0334265224261577731858514600	0.0029809813390568175043224200	0	1.72808210708544577717324100	0.1254967580004183225266680600	0.0961047541820584437036369600	0	0	1.9546418665361396638929678600	0	0	0.377149917092044087524791100	0	0.3131775475788966514092989600	0.0090815523400133196100986900	0	0
ruegeria pomeroyi	0.0177268295565338139273790900	0.0298926852599168983349774300	0	0	0.0033064409469646872106864200	0.0364652971921721162027470500	0	0	0	0.0029880180476290076792063800	0.0540589242274078745832957900	0.0802722835859234523503724600	0	0.042421275901452112905857400	0.0029719448407037565382786500	0	0.1853236661572975257664921800	0	0	0	0	0
bacillus weihenstephanensis	0.0088634147782669069636895400	0	0	0	0	0	0	0	0	0	0	0	0	0	0	0	0	0	0	0	0.0412894092665231368154068500	0
oceanobacter kriegii	0	0	0	0.0321450384133209039184801800	0	0.0121550990640573720675823500	0	0	0	0	0	0	0	0.0032631750693424702235274900	0	0	0	0	0	0	0	0
vibrio fortis	0	0	0	0	0.4794339373098796455495304900	0.0212714233621004011182691100	0.0029809813390568175043224200	0	0	0.2659336062389816834493680300	0	0	0	0.0163158753467123511176374600	0.317998097955301949595815500	0	0	0	0	0.1059514439668220621178180100	0	0
acinetobacter radioresistens	0	0	0	0	0	0	0	0	0	0	0	0	0.0059238196789289734020496400	0.0032631750693424702235274900	0	0	0	0.1119391051268110148079444800	0	0	0	0
marinifilum	0.0029544715927556356545631800	0.0239141482079335186679819400	0	0.0096435115239962711755440500	0.8034651501124189921967993700	0	1.3921182853395337745185715100	0	0.0463707184369976505502658600	1.1772791107658290256073146700	0.0060065471363786527314773100	0.0160544567171846904700744900	0	0	0.5111745126010461245839277200	0.0319738524939604945289185700	0.5559709984718925772994765400	0	0.0447396496541280930584712800	0.4813222740207059393352303700	0	0
enterococcus faecalis	0	0	0	0	0	0	0	0	0.0061827624582663534067021100	0	0	0	0.0118476393578579468040992800	0	0	0	0	0	0.0172075575592800357917197200	0	0	1.777413180202351654361498500
spongiibacter tropicus	0	0.0149463426299584491674887200	0	0.0225015268893246327429361300	0.0231450866287528104748049200	0	0	0	0.1236552491653270681340422900	0	0.0030032735681893263657386600	0.009632674030310814282044700	0	0.0293685756240822320117474300	0	0.0639477049879209890578371500	0	0	0	0	0	0
ferrimonas kyonanesis	0	0	0	0	0	0	0.0059619626781136350086448500	0	0	0.0059760360952580153584127600	0	0	0	0	0.4131003328578221588207322900	0	0	0	0	0	0	0
maricaulis maris	0	0	0	0	0.0264515275757174976854913400	0.0030387747660143430168955900	0	0	0.0772845307283294175837764300	0	0	0	0	0	0	0	0	0	0	0	0	0
rhodobacteraceae	0	0.0029892685259916898334977400	0	0	0.0099193228408940616320592500	0	0	0	0	0	0.0090098207045679790972159700	0.0160544567171846904700744900	0	0.0261054005547397617882199400	0	0	0.0162564619436225899795168600	0	0.099803833843824207591974400	0	0	0
raoultella planticola	0.0118178863710225426182527300	0	0	0	0	0	0	0	0	0	0	0	0	0	0	0	0	0	0	0	0	0.3213016133442712605961170400
vibrio sinaloensis	0	0	0	0	0	0	0.0089429440171704525129672700	0	0	0.3256939671915618370334956800	0	0	0	0	0.1604850213980028530670470800	0	0.0065025847774490359918067400	0	0	0.2028213355936308046255373300	0	0
salmonella enterica	0	0	0	0	0	0.0030387747660143430168955900	0	0.0062603687357185338216420900	0	0	0	0.003210891343436938094014900	0	0	0	0.0035526502771067216143242900	0	0	0.0688302302371201431668788900	0	0.0737310879759341728846550900	3.8932184850970741044572053600
oceanospirillaceae	0.0059089431855112713091263600	0.0029892685259916898334977400	0	0.0225015268893246327429361300	0.5488691971961380769739452500	0.0395040719581864592196426400	0	0	0.2040311611227896624211697800	0	0.1111211220230050755323302400	0.006421782686873876188029800	0	0.3589492576276717245880241500	0	0	0.0130051695548980719836134900	0.0031982601464803147087984100	0.0378566266304160787417833900	0	0	0
flavobacteriales	0	0	0	0	0	0	0	0	0	0	0	0	0	0	0	0	0	0.2206799501071417149070905400	0	0	0	0
donghicola eburneus	0	0	0	0.0225015268893246327429361300	0.0033064409469646872106864200	0	0.0029809813390568175043224200	0.0125207374714370676432841900	0.0092741436873995301100531700	0	0	0	0	0	0	0	0.022759046721071625971323600	0	0	0	0	0
caulobacterales	0	0	0	0	0	0.0091163242980430290506867600	0	0	0	0	0.0090098207045679790972159700	0	0	0	0	0	0.0292616314985206619631303400	0	0	0	0	0
alteromonas macleodii	0.1329512216740036044553431600	0.2720234358652437748482946200	0	0.2796618341958918640907775900	2.7112815765110435127628620600	1.5923179773915157408532879500	0.0029809813390568175043224200	0	4.9709410164461481389885000600	0.170317028714853437714763800	1.9130852629366008949755233200	0.1637554585152838427947598300	0.0118476393578579468040992800	2.483276227769619840104421600	0.0416072277698525915359010900	0.1172374591445218132727014400	4.9159540917514712098058978400	0	2.1509446949100044739649654100	0.2088757038203063510322697800	0	0
stappiaceae	0	0	0.0029776970491022243396956800	0	0	0	0	0	0	0	0	0	0	0.1076847772883015173764072400	0	0	0	0	0	0	0	0
flammeovirga aprica	0	0	0	0	0.0231450866287528104748049200	0.0182326485960860581013735300	0	0	0	0.050796306809693130546508500	0	0	0	0	0	0.0284212022168537729145942900	0	0	0	0	0	0
halieaceae	0.0059089431855112713091263600	0	0.0387100616383289164160438300	0	0	0	0	0	0	0	0	0	0	1.3379017784304127916462718200	0	0	0	0	0	0	0	0
psychrobacter celer	0	0	0	0.0128580153653283615673920700	0	0	0	0	0	0	0	0	0	0	0	0	0.0032512923887245179959033700	0.047973902197204720631976200	0	0	0	0
thalassomonas fusca	0.0059089431855112713091263600	0.0269034167339252085014796900	0	0	0.0628223779923290570030419300	0.0182326485960860581013735300	0	0	0.0989241993322616545072338300	0.0029880180476290076792063800	0.0120130942727573054629546200	0.0321089134343693809401489900	0	0	0	0	0	0.1151373652732913295167428900	0	0	0	0
ralstonia pickettii	0	0.0298926852599168983349774300	0.0178661822946133460381740800	0.0417885499373171750940242400	0.0099193228408940616320592500	0	0	0.0532131342536075374839578100	0	0	0	0.0610069355253018237862830700	0	0.0391581008321096426823299100	0	0.1172374591445218132727014400	0	0.2462660312789842325774778500	0.0275320920948480572667515600	0	2.8666647005043206417553897400	0
psychrosphaera saromensis	0.0177268295565338139273790900	0.0269034167339252085014796900	0	0.0064290076826641807836960400	0.2083057796587752942732442800	0.0790081439163729184392852800	0.0029809813390568175043224200	0	0.1514776802275256584642018100	0.0119520721905160307168255300	0.2973240832507433102081268600	0.0160544567171846904700744900	0	0.0097895252080274106705824800	0	0	0.881100237344344376889813700	0	0.0137660460474240286333757800	0.0030271841133377732033662300	0	0
terasakiella	0	0	0	0	0.019838645681788123264118500	0	0	0	0.0340051935204649437368616300	0	0.0090098207045679790972159700	0	0	0.0163158753467123511176374600	0	0	0	0	0	0	0	0
pseudomonas straminea	0	0	0	0.0739335883506380790125044200	0	0	0	0.0125207374714370676432841900	0	0	0.0060065471363786527314773100	0	0	0.0032631750693424702235274900	0	0.0710530055421344322864857200	0.0357642162759696979549370900	0.2526625515719448619950746800	0.1135698798912482362253501700	0	0.3155690565369982599463237700	0
prochlorotrichaceae	0	0	0.116130184914986749248131500	0	0	0	0	0	0	0	0	0	0	3.6775983031489639419154837700	0	0	0	0	0	0	0	0
hyphomicrobiales	0	0	0	0	0	0	0	0	0	0	0	0	0	0	0	0	0	0	0.1101283683793922290670062300	0	0	0
geminicoccaceae	0	0	0.0297769704910222433969567900	0	0	0	0	0	0	0	0	0	0	0	0	0	0	0	0	0	0	0
oleiphilus	0	0.0059785370519833796669954900	0	0.0160725192066604519592400900	0.0099193228408940616320592500	0.0212714233621004011182691100	0	0	0	0	0.0030032735681893263657386600	0	0	0.0032631750693424702235274900	0	0.0568424044337075458291885700	0.0585232629970413239262606900	0	0.0103245345355680214750318300	0	0	0
tenericutes	0	0	0	0	0.0363708504166115593175505900	0.0121550990640573720675823500	0	0	0.0896500556448621243971806600	0.0029880180476290076792063800	0.0961047541820584437036369600	0	0	0.0685266764561918746940773400	0	0	0	0	0	0.0030271841133377732033662300	0	0
bacillus beringensis	0	0	0	0	0	0	0	0	0	0	0	0	0	0	0	0	0	0	0	0	0.0707818444568968059692688800	0
euryarchaeota	0	0	0	0.0160725192066604519592400900	0.0859674646210818674778468500	0	0	0	0.0958328181031284778038827700	0	0	0	0	0.293685756240822320117474300	0	0	0	0	0	0	0	0
tateyamaria omphalii	0	0	0	0	0	0	0	0	0	0	0	0	0	0.2806330559634524392233643300	0	0	0	0	0	0	0	0
maritimibacter alkaliphilus	0.0059089431855112713091263600	0.0747317131497922458374435800	0	0.0128580153653283615673920700	0.0066128818939293744213728300	0.0273489728941290871520602900	0	0	0	0	0	0.0224762394040585666581042900	0	0	0	0.0532897541566008242148642900	0	0	0	0	0	0
desulfovibrio marinisediminis	0	0	0	0	0	0	0	0	0	0	0	0	0	0	0	0	0.0130051695548980719836134900	0	0	0.1029242598534842889144517800	0	0
aquabacterium parvum	0	0.0059785370519833796669954900	0	0	0	0	0	0.0031301843678592669108210500	0.0154569061456658835167552900	0	0	0.0192653480606216285640893900	0	0.0032631750693424702235274900	0	0.0390791530481739377575671500	0.0097538771661735539877101100	0	0.0447396496541280930584712800	0	0.0294924351903736691538620300	0.0034181022696199070276182700
litoricola marina	0	0	0.0029776970491022243396956800	0	0	0	0	0.0125207374714370676432841900	0	0	0	0	0	0	0	0	0	0.0767582435155275530111619300	0	0	0	0
pseudofulvibacter flavobacteriaceae bacterium ycs_9	0	0	0	0	0	0	0	0	0.0587362433535303573636700900	0	0	0	0	0	0	0	0	0	0	0	0	0
hyphomonadaceae	0.0029544715927556356545631800	0	0	0	0	0.0121550990640573720675823500	0	0	0	0	0	0	0	0.7015826399086310980584108300	0	0	0	0	0	0	0	0
marinifilaceae	0.0029544715927556356545631800	0.0119570741039667593339909700	0	0.035359542254652994310328200	1.3953180796190980029096680300	0.0091163242980430290506867600	6.9605914266976688725928575700	0	0.0278224310621985903301595200	3.4750649893925359309170227400	0.0060065471363786527314773100	0.006421782686873876188029800	0	0.0326317506934247022352749200	0.6181645268663813599619591100	0	1.5378612998666970120622947600	0	0.0137660460474240286333757800	3.4419083368650481322274020700	0	0
serratia fonticola	0	0	0	0	0	0	0	0	0.1051069617905280079139359500	0	0	0	0	0	0	0	0	0	0	0	0	0
rubritalea tangerina	0	0	0	0	0	0	0	0	0	0	0	0.2889802209093244284613408700	0	0.0097895252080274106705824800	0	0	0	0	0	0	0	0
staphylococcus pasteuri	0.0147723579637781782728159100	0.0029892685259916898334977400	0.014888485245511121698478400	0.0932206113986306213635925300	0	0.0030387747660143430168955900	0	0.0532131342536075374839578100	0	0.0029880180476290076792063800	0	0.0481633701515540714102234800	0	0	0	0.202501065795083132016484300	0.0032512923887245179959033700	0	0.0722717417489761503252228400	0	0.0383401657474857699000206400	10.032130161334427126059611700
arenicellaceae	0	0	0	0	0	0	0	0.0626036873571853382164209500	0	0	0	0	0	0	0	0	0	0	0	0	0	0
primorskyibacter sedentarius	0	0	0	0	0	0	0	0	0	0	0	0.009632674030310814282044700	0	0.0032631750693424702235274900	0	0	0	0.0799565036620078677199603400	0	0	0	0
xanthomonas vesicatoria	0	0.0029892685259916898334977400	0	0	0	0	0	0.0313018436785926691082104700	0	0	0.0030032735681893263657386600	0.0128435653737477523760595900	0.0029619098394644867010248200	0	0	0.0035526502771067216143242900	0	0	0	0	0	0
psychrobium gammaproteobacteria bacterium	0.0029544715927556356545631800	0.0089678055779750695004932300	0	0.0032145038413320903918480200	0.0132257637878587488427456700	0.024310198128114744135164700	0	0	0.0185482873747990602201063400	0	0.0240261885455146109259092400	0	0	0	0	0.0106579508313201648429728600	0.2340930519881652957050427500	0	0	0	0	0
nautella italica	0.0177268295565338139273790900	0.0239141482079335186679819400	0	0.0064290076826641807836960400	0.0033064409469646872106864200	0.0638142700863012033548073400	0	0	0.0092741436873995301100531700	0.0059760360952580153584127600	0.1321440370003303600925008300	0.0385306961212432571281787800	0	0.042421275901452112905857400	0	0	0.4551809344214325194264720200	0	0.0172075575592800357917197200	0.0030271841133377732033662300	0	0
staphylococcus epidermidis	0	0	0	0	0	0	0	0	0	0	0	0	0	0	0	0	0	0	0	0	0	5.0998085862729012852064533800
neptuniibacter caesariensis	0.0147723579637781782728159100	0.0269034167339252085014796900	0	0.0192870230479925423510881100	0.1917735749239518582198121900	0.0668530448523155463717029300	0	0	0.2689501669345863731915419800	0.0029880180476290076792063800	0.3453764603417725320599453400	0.0128435653737477523760595900	0	0.1076847772883015173764072400	0.0148597242035187826913932500	0	3.2903078973892122118542120500	0	0	0.0060543682266755464067324600	0	0
thalassospira xiamenensis	0	0	0	0	0.0165322047348234360534320900	0.0060775495320286860337911800	0	0	0.0154569061456658835167552900	0	0	0.003210891343436938094014900	0	0.0032631750693424702235274900	0	0	0	0	0	0	0	0
alkaliphilus	0	0	0	0	0	0	0.0089429440171704525129672700	0	0.0401879559787312971435637400	0	0.0060065471363786527314773100	0	0	0	0	0	0	0	0	0	0	0
kordiimonas gwangyangensis	0.0236357727420450852365054500	0	0	0.0385740460959850847021762200	0.0033064409469646872106864200	0.0030387747660143430168955900	0	0	0	0	0.0090098207045679790972159700	0.0160544567171846904700744900	0	0.0065263501386849404470549800	0	0	0.1820723737685730077705888100	0	0	0	0	0
staphylococcus hyicus	0.0029544715927556356545631800	0	0	0	0	0	0	0	0	0	0	0.003210891343436938094014900	0	0	0	0.0142106011084268864572971400	0	0	0	0	0	2.1944216570959803117309269900
marinobacterium rhizophilum	0	0	0	0	0	0	0	0	0	0	0	0	0	0	0	0	0	0.047973902197204720631976200	0	0	0	0
exiguobacterium panipatensis	0	0	0	0	0	0	0	0	0	0	0	0	0	0	0	0	0	0.0991460645408897559727508200	0	0	0	0
acinetobacter genomosp. 3	0	0.0119570741039667593339909700	0.014888485245511121698478400	0.0128580153653283615673920700	0.0066128818939293744213728300	0.0030387747660143430168955900	0	0.0532131342536075374839578100	0.0061827624582663534067021100	0.0029880180476290076792063800	0	0.0385306961212432571281787800	0	0	0	0.1350007105300554213443228600	0.0292616314985206619631303400	0.0255860811718425176703873100	0.1445434834979523006504456800	0	1.8993128262600642935087150100	0
oleibacter marinus	0	0.041849759363883657668968400	0	0.0385740460959850847021762200	0.1421769607194815500595159400	0.0212714233621004011182691100	0	0	0.1700259676023247186843081500	0.0029880180476290076792063800	0.0931014806138691173378983100	0	0	0.1337901778430412791646271800	0	0.0177632513855336080716214300	0.022759046721071625971323600	0	0	0	0	0
streptococcus salivarius	0	0	0	0	0	0	0	0.0375622124143112029298525700	0	0	0	0	0	0	0	0.0390791530481739377575671500	0	0	0	0	0	0
aestuariibacter aggregatus	0.0443170738913345348184477200	0.0358712223119002780019729200	0	0.0803625960333022597962004600	1.8879777807168363973019441900	0.1276285401726024067096146800	0	0	3.1501174724867070607147273400	0.0209161263334030537544446800	0.0420458299546505691203411700	0.0353198047778063190341638800	0	2.2809593734703866862457170800	0.005943889681407513076557300	0.0639477049879209890578371500	0.0845336021068374678934876600	0	0.1755170871046563650755411800	0.0090815523400133196100986900	0	0
photobacterium	0	0	0	0	0.0363708504166115593175505900	0	0	0	0	0.1822691009053694684315893300	0	0	0	0	0.0713266761768901569186875900	0	0	0	0	0.1725494944602530725918750400	0	0
sphingomonas caulobacter leidyia	0.0029544715927556356545631800	0.0119570741039667593339909700	0.0178661822946133460381740800	0.0450030537786492654858722600	0	0.0303877476601434301689558800	0	0.0719942404607631389488840900	0	0	0	0.0321089134343693809401489900	0	0.0032631750693424702235274900	0	0.1421060110842688645729714400	0	0.0031982601464803147087984100	0.0653887187252641360085349500	0	1.6604241012180375733624325400	0
stenotrophomonas maltophilia	0	0.0059785370519833796669954900	0.0029776970491022243396956800	0.0578610691439776270532643300	0	0.0455816214902151452534338200	0	0.0250414749428741352865683800	0	0	0	0.006421782686873876188029800	0	0.0032631750693424702235274900	0	0.1030268580360949268154042900	0.0715284325519393959098741700	0	0.1204529029149602505420380600	0	0.8080927242162385348158197400	0.0034181022696199070276182700
vibrio harveyi	0	0	0	0	0	0	0.07750551481547725511238300	0	0	0.0478082887620641228673021200	0	0	0	0	0.017831669044222539229671900	0	0.0032512923887245179959033700	0	0	0.0151359205666888660168311400	0	0
erythrobacter vulgaris	0	0	0	0.0257160307306567231347841500	0	0	0	0	0	0	0	0	0	0	0	0	0.0195077543323471079754202300	0	0.1858416216402243865505730100	0	0	0
synechococcus cyanobacterium 5x15	0	0.0029892685259916898334977400	0.0059553940982044486793913600	0	0	0	0	0.1283375590822299433436629400	0	0	0	0.0224762394040585666581042900	0.0296190983946448670102482100	0.0032631750693424702235274900	0	0	0	0.0799565036620078677199603400	0	0	0	0
corynebacterium diphtheriae	0	0	0.0059553940982044486793913600	0	0	0	0	0	0	0	0	0	0	0	0	0	0	0.022387821025362202961588900	0.1273359259386722648587259500	0	0	0
nitrincola	0.0059089431855112713091263600	0.0029892685259916898334977400	0	0.0032145038413320903918480200	0.0297579685226821848961777500	0.0151938738300717150844779400	0	0	0.0154569061456658835167552900	0	0.0991080277502477700693756200	0.003210891343436938094014900	0	0.0261054005547397617882199400	0	0	0.0065025847774490359918067400	0	0.0068830230237120143166878900	0	0	0
acinetobacter calcoaceticus	0	0	0	0.0032145038413320903918480200	0	0	0	0	0	0	0	0	0	0	0	0.0035526502771067216143242900	0	0.0031982601464803147087984100	0	0	0.4984221547173150087002683800	0
vibrio alginolyticus	0	0	0	0	0.0099193228408940616320592500	0	0.2653073391760567578846956400	0	0	0.0986045955717572534138106200	0	0	0	0	0.0148597242035187826913932500	0	0.0390155086646942159508404600	0.0031982601464803147087984100	0	0.0454077617000665980504934300	0	0
bacillus pumilus	0	0	0	0	0	0	0	0	0	0	0	0	0	0	0	0	0	0	0	0	0	0.8579436696745966639321848500
ectothiorhodospiraceae	0	0	0	0	0	0	0	0	0.0803759119574625942871274900	0	0	0	0	0	0	0	0.0097538771661735539877101100	0.0767582435155275530111619300	0	0	0	0
mesoflavibacter zeaxanthinifaciens	0.0059089431855112713091263600	0.0149463426299584491674887200	0	0	0	0	0	0	0	0	0.0030032735681893263657386600	0.0610069355253018237862830700	0	0	0	0.0035526502771067216143242900	0	0	0	0	0	0
verrucomicrobia	0	0	0	0	0	0	0	0.0532131342536075374839578100	0	0	0	0	0	0	0	0	0	0	0	0	0	0
cytophagales	0	0	0	0	0	0	0	0	0	0	0	0	0	0	0	0	0	0.0511721623436850353407746200	0	0	0	0
lactobacillus	0	0	0	0	0	0	0	0	0	0	0	0	0	0	0	0	0	0	0	0	0	1.9312277823352474706043204800
thalassomonas	0.4963512275829467899666144700	0.0597853705198337966699548600	0	0.0546465653026455366614163100	0.0066128818939293744213728300	0.0121550990640573720675823500	0.0029809813390568175043224200	0	0.0927414368739953011005317200	0.0029880180476290076792063800	0.1561702255458449710184100700	0.6325455946570768045209350100	0	0	0	0.1598692624698024726445928700	37.285821113892772377019865400	0	0.1204529029149602505420380600	0	0	0
pseudomonas thermaerum	0	0	0	0	0	0	0	0.0125207374714370676432841900	0	0	0	0	0	0	0	0	0	0	0	0	0.0294924351903736691538620300	3.6573694284933005195515449800
ruegeria mobilis	0.0295447159275563565456318100	0.4573580844767285445251546900	0.0327546675401244677366524700	0.035359542254652994310328200	0.0462901732575056209496098400	0.0546979457882581743041205800	0.0029809813390568175043224200	0.0187811062071556014649262800	0.2720415481637195498948930400	0.0448202707144351151880957400	0.4564975823647776075922755800	0.0417415874646801952221936800	0	0.2186327296459455049763419800	0.0089158345221112696148359500	0.0994742077589882052010800100	0.4226680105341873394674383100	0.0383791217577637765055809600	0.1204529029149602505420380600	0.0121087364533510928134649100	0	0
arcobacter bivalviorum	0.0206813011492894495819422700	0.0059785370519833796669954900	0	0	0.0727417008332231186351011800	0.0698918196183298893885985200	0	0	0	0	0.1351473105685196864582394800	0.0128435653737477523760595900	0	0	0	0	0.068277140163214877913970800	0	0	0	0	0
truepera	0	0	0	0	0	0	0	0.0751244248286224058597051400	0	0	0	0	0	0	0	0	0	0	0	0	0	0
corynebacterium glutamicum	0	0	0	0	0	0	0	0	0	0	0	0	0	0	0	0.0284212022168537729145942900	0	0	0	0	0.0235939481522989353230896300	0
sphingomonadales	0	0	0	0	0.0066128818939293744213728300	0	0	0	0	0	0.0210229149773252845601705900	0	0	0.0293685756240822320117474300	0	0	0.0325129238872451799590337200	0	0	0	0	0
bacteriovoracaceae	0	0	0	0.0225015268893246327429361300	0.0033064409469646872106864200	0.0273489728941290871520602900	0	0	0	0	0.0150163678409466318286932800	0	0	0	0	0	0	0	0	0	0	0
hyphomonas	0	0	0	0	0	0	0	0	0	0	0	0	0	0	0	0	0	0.0383791217577637765055809600	0	0	0	0
candidatus atelocyanobacterium cyanobacterium ucyn_a	0	0	0	0	0	0	0	0.0532131342536075374839578100	0	0	0	0	0	0	0	0	0.0292616314985206619631303400	0	0.1720755755928003579171972300	0	0	0
enterococcus sulfureus	0	0	0	0	0	0	0	0	0	0	0	0	0	0	0	0	0	0	0	0	0	0.3589007383100902378999179700
enhydrobacter aerosaccus	0	0.0089678055779750695004932300	0	0	0	0	0	0.0031301843678592669108210500	0	0	0	0	0	0	0	0	0.0032512923887245179959033700	0	0	0	0.0619341138997847052231102700	0
staphylococcus sciuri	0	0	0	0	0	0	0	0	0	0	0	0	0	0	0	0	0	0	0	0	0	2.5943396226415094339622641500
sphingobium yanoikuyae	0	0	0	0.0096435115239962711755440500	0	0	0	0	0	0	0	0	0	0	0	0	0	0	0	0	0.0412894092665231368154068500	0
celeribacter neptunius	0.0029544715927556356545631800	0.0538068334678504170029593800	0	0.0096435115239962711755440500	0.0165322047348234360534320900	0.0364652971921721162027470500	0	0	0.0185482873747990602201063400	0	0.0030032735681893263657386600	0.009632674030310814282044700	0	0.0228422254853972915646924500	0	0.0106579508313201648429728600	0.0065025847774490359918067400	0	0	0	0	0
thalassobius mediterraneus	0.047271545484090170473010900	0.2690341673392520850147968800	0	0.0289305345719888135266321600	0.0363708504166115593175505900	0.124589765406588063692719100	0.0089429440171704525129672700	0	0.0741931494991962408804253700	0.0059760360952580153584127600	0.0720785656365438327777277200	0.0513742614949910095042383800	0	0.0358949257627671724588024100	0	0.0675003552650277106721614300	0.5982377995253113112462203700	0	0	0	0	0
pseudoalteromonas flavipulchra	0	0.0059785370519833796669954900	0	0	0	0	0	0	0.0123655249165327068134042300	0	0.0060065471363786527314773100	0	0	0	0	0	0.0032512923887245179959033700	0.0511721623436850353407746200	0	0	0	0
haliscomenobacteraceae	0.0236357727420450852365054500	0.020924879681941828834484200	0	0	0.0165322047348234360534320900	0.0091163242980430290506867600	0	0	0	0	0	0.0160544567171846904700744900	0	0	0	0.0746056558192411539008100	0	0	0	0	0	0
chromatiales	0	0	0	0.0096435115239962711755440500	0.0033064409469646872106864200	0	0	0	0.0185482873747990602201063400	0	0.0120130942727573054629546200	0	0	0	0	0	0.5364632441395454693240563100	0	0.161751041057232336442165400	0	0	0
vibrio rotiferianus	0	0	0	0	0.0628223779923290570030419300	0.0060775495320286860337911800	0.1073153282060454301556072300	0	0.0030913812291331767033510600	3.3674963396778916544655929700	0.0060065471363786527314773100	0.003210891343436938094014900	0	0.0685266764561918746940773400	2.4102472658107465525439847800	0.0071053005542134432286485700	0.0292616314985206619631303400	0	0	2.4822909729369740267603075600	0	0
rhodovibrionaceae	0	0	0	0	0	0	0	0	0	0	0	0	0	0.0554739761788219937999673700	0	0	0	0	0	0	0	0
entomoplasmatales	0	0	0	0	0	0.024310198128114744135164700	0	0.112686637242933608789557700	0.0154569061456658835167552900	0	0	0	0.014809549197322433505124100	0	0	0.0142106011084268864572971400	0	0.0127930405859212588351936500	0.0172075575592800357917197200	0	0	0
enterococcus villorum	0	0	0	0	0	0	0	0	0	0	0	0	0	0	0	0	0	0	0	0	0.0294924351903736691538620300	6.5114848236259228876127973700
rhodopseudomonas palustris	0	0	0	0	0	0	0	0	0	0	0	0	0	0	0	0	0	0	0	0	0.0973250361282331082077447100	0
thioprofundum	0	0	0	0	0	0	0	0.0813847935643409396813472300	0	0	0	0	0	0	0	0	0	0	0	0	0	0
roseobacter denitrificans	0.0236357727420450852365054500	0.0388604908378919678354706600	0	0.035359542254652994310328200	0.019838645681788123264118500	0.0121550990640573720675823500	0	0	0.2102139235810560158278718900	0.0239041443810320614336510600	0.0060065471363786527314773100	0	0	0.2414749551313427965410344300	0.0089158345221112696148359500	0.0177632513855336080716214300	0.0487693858308677699385505700	0	0.0447396496541280930584712800	0	0	0
photobacterium profundum	0	0	0	0	0.0099193228408940616320592500	0	0.0417337387467954450605139200	0	0	0.2988018047629007679206382400	0	0	0	0	0.3833808844507845934379457900	0	0.0032512923887245179959033700	0	0	0.220984440273657443845734700	0	0
leisingera aquimarina	0.0029544715927556356545631800	0.0029892685259916898334977400	0.0089330911473066730190870400	0.0096435115239962711755440500	0	0	0	0	0.0278224310621985903301595200	0	0.0300327356818932636573865500	0	0	0.0195790504160548213411649500	0.011887779362815026153114600	0	0.0487693858308677699385505700	0	0	0	0	0
pseudomonas argentinensis	0	0	0	0.0032145038413320903918480200	0	0	0	0	0	0	0	0	0	0	0	0.0106579508313201648429728600	0	0.0255860811718425176703873100	0.0137660460474240286333757800	0	0	0
pseudoruegeria aquimaris	0.0236357727420450852365054500	0.0478282964158670373359638900	0.0357323645892266920763481500	0.0160725192066604519592400900	0.019838645681788123264118500	0.0395040719581864592196426400	0.0029809813390568175043224200	0.0532131342536075374839578100	0.0092741436873995301100531700	0.0029880180476290076792063800	0.2552782532960927410877856900	0.1830208065759054713588492200	0.0088857295183934601030744600	0.0750530265948768151411323200	0.0029719448407037565382786500	0.0390791530481739377575671500	0.4356731800890854114510517900	0	0.0034415115118560071583439400	0.0030271841133377732033662300	0	0
marinifilum fragile	0	0	0	0	0.0066128818939293744213728300	0	0.0029809813390568175043224200	0	0	0.2181253174769175605820659200	0	0	0	0	0	0	0	0	0	0	0	0
bacillus alkalitelluris	0	0	0	0	0	0	0	0	0	0	0	0	0	0	0	0	0	0	0	0	0	0.3076292042657916324856439700
acinetobacter junii	0.1299967500812479688007799800	0.3826263713269362986877111200	0.2709704314683024149123068200	2.0637114661352020315664277200	0.1554027245073402989022616100	0.7019569709493132369028807600	0	2.4822362037123986602810905600	0	0.0209161263334030537544446800	0	1.4609555612638068327767788300	0	0.21210637950726056452928700	0	3.7515986926246980247264459300	0.9396235003413857008160743900	2.3763072888348738286372213500	6.3254981587913411570361702900	0	90.08464328899637243047158404	0.0068362045392398140552365300
endozoicomonas	0.2659024433480072089106863200	0.3766478342749529190207156300	0.0595539409820444867939135900	0.2603748111478993217396894800	1.4978177489750033064409469600	0.322110125197520359790932300	0	0.654208532882586784361598900	0.6831952516384320514405836500	0	1.2763912664804637054389284300	0.3050346776265091189314153600	0.213257508441443042473787100	1.2595855767661935062816120100	0.0029719448407037565382786500	0.1136848088674150916583771500	0.2210878824332672237214292700	0.6652381104679054594300700400	0.3200605706026086657259868500	0	0	0
desulfovibrio	0	0	0	0	0	0	0	0	0	0	0	0	0	0.1370533529123837493881546700	0	0	0	0	0	0	0	0
marinobacter salsuginis	0.0029544715927556356545631800	0.0059785370519833796669954900	0	0	0.0595159370453643697923555100	0.0212714233621004011182691100	0	0	0.0525534808952640039569679700	0	0.0390425563864612427546025200	0.0385306961212432571281787800	0	0.0685266764561918746940773400	0	0	0.0325129238872451799590337200	0	0	0	0	0
oleibacter	0.0029544715927556356545631800	0.0029892685259916898334977400	0	0	0.0132257637878587488427456700	0	0	0	0.0154569061456658835167552900	0	0.0330360092500825900231252100	0	0	0.0326317506934247022352749200	0	0	0	0	0	0	0	0
marinobacterium	0	0	0	0	0.0264515275757174976854913400	0.0091163242980430290506867600	0	0	0.0030913812291331767033510600	0	0.0150163678409466318286932800	0.003210891343436938094014900	0	0.0195790504160548213411649500	0	0	0.0032512923887245179959033700	0	0	0	0	0
gammaproteobacteria	0	0	0	0.0803625960333022597962004600	0	0.0698918196183298893885985200	0	0	0.0030913812291331767033510600	0	0	0	0	0	0	0	0	0	0.4955776577072650308015280300	0	0	0
pelomonas aquatica	0	0	0	0	0	0	0	0	0.0061827624582663534067021100	0	0.0060065471363786527314773100	0.009632674030310814282044700	0	0	0	0.0319738524939604945289185700	0	0.0639652029296062941759682700	0.0172075575592800357917197200	0	0	0
myxococcales	0.0029544715927556356545631800	0	0.1101747908167823005687401400	0	0	0	0	0.0688640560929038720380630400	0	0	0	0	0	0	0	0	0	0	0	0	0	0
vibrio orientalis	0.0029544715927556356545631800	0	0	0	0.0297579685226821848961777500	0.0212714233621004011182691100	0.2831932272103976629106301800	0.0187811062071556014649262800	0	0.1613529745719664146771446500	0.0120130942727573054629546200	0.003210891343436938094014900	0	0.0717898515255343449176048300	0.023775558725630052306229200	0	0.5332119517508209513281529400	0.1215338855662519589343397200	0.0447396496541280930584712800	0.042380577586728824847127200	0	0
vibrio shilonii	0	0.0029892685259916898334977400	0	0	0.0363708504166115593175505900	0.048620396256229488270329400	0.0029809813390568175043224200	0	0	0.0059760360952580153584127600	0.0030032735681893263657386600	0.0128435653737477523760595900	0	0.0065263501386849404470549800	0	0	0.1853236661572975257664921800	0	0	0.0060543682266755464067324600	0	0
labrenzia aggregata	0.0029544715927556356545631800	0.0149463426299584491674887200	0	0.0578610691439776270532643300	0.0033064409469646872106864200	0.0030387747660143430168955900	0	0	0.0772845307283294175837764300	0.0209161263334030537544446800	0.0060065471363786527314773100	0.003210891343436938094014900	0	0.1337901778430412791646271800	0.0089158345221112696148359500	0	0	0.0159913007324015735439920700	0.1066868568675362219086622800	0.0030271841133377732033662300	0	0
kordiimonas	0	0.0149463426299584491674887200	0	0	0.0165322047348234360534320900	0.0030387747660143430168955900	0	0	0.0772845307283294175837764300	0	0.2883142625461753311109108900	0.4238376573336758284099666100	0	0.1860009789525208027410670600	0	0	0.0942874792730110218811977800	0	0.5850569570155212169184705900	0.0060543682266755464067324600	0	0
loktanella agnita	0	0.0866887872537590051714345500	0	0	0	0.048620396256229488270329400	0	0.1064262685072150749679156100	0	0	0	0	0	0	0	0.1278954099758419781156742900	0	0	0	0	0	0
parvularculales	0	0	0	0	0	0	0	0	0	0	0	0	0	0	0	0.4831604376865141395481028800	0.022759046721071625971323600	0	1.6794576177857314932718449900	0	0	0
jannaschia rubra	0	0.0089678055779750695004932300	0	0.0642900768266418078369603700	0.0495966142044703081602962600	0	0	0	0.0834672931865957709904785500	0.0059760360952580153584127600	0.0030032735681893263657386600	0.003210891343436938094014900	0	0.2414749551313427965410344300	0	0	0	0	0.1720755755928003579171972300	0.0090815523400133196100986900	0	0
shigella sonnei	0	0.0119570741039667593339909700	0	0	0	0	0	0	0	0	0	0	0	0	0	0	0	0	0	0	0	5.7116488925348646431501230500
spirochaeta	0	0	0.0476431527856355894351308700	0	0	0	0	0	0	0	0	0	0	0	0	0	0	0	0	0	0	0
photococcus caeruleum	0	0	0	0	0.7340298902261605607723846100	0	0.6528349132534430334466106200	0	0.0030913812291331767033510600	3.3884124660112947082200376500	0	0	0	0	2.0981930575368521160247265800	0	0.0812823097181129498975842900	0	0	2.4066113701035296966761518400	0	0
oceanospirillum nioense	0	0.1644097689295429408423758700	0	0.0675045806679738982288083800	0.57862716571882026187012300	0.2856448280053482435881852400	0	0	0.7697539260541609991344132600	0.0478082887620641228673021200	1.1652701444574586299065981900	0	0	0.5938978626203295806820035900	0.0029719448407037565382786500	0.0035526502771067216143242900	0.2470982215430633676886562400	0	0.1032453453556802147503183400	0	0	0
amphritea japonica	0.0088634147782669069636895400	0	0	0	0.0066128818939293744213728300	0.0121550990640573720675823500	0	0	0	0	0.0931014806138691173378983100	0	0	0.0130527002773698808941099700	0	0	0.4779399811425041453977956200	0	0	0	0	0
photobacterium phosphoreum	0.0236357727420450852365054500	0.0298926852599168983349774300	0	0.0128580153653283615673920700	10.160693030022483798439359870	0.0303877476601434301689558800	24.739164132832528468371787990	0	0.1422035365401261283541486300	54.907819643230645113096483100	0.027029462113703937291647900	0.0577960441818648856922681700	0.0622001066287542207215212400	0.042421275901452112905857400	62.907156443176414645744174990	0.0746056558192411539008100	6.7984523848229671294339500	0	0	47.844644911303505479203245140	0	0
alphaproteobacteria	0	0	0.0923086085221689545305660600	0	0	0	0	0.2785864087394747550630732200	0	0	0	0	0	0	0	0	0	5.0052771292416925192695173800	0	0	0	0
tropicibacter phthalicus	0.0531804886696014417821372600	0.1913131856634681493438555600	0	0.0675045806679738982288083800	0.0231450866287528104748049200	0.2704509541752765285037073100	0.0208668693733977225302569600	0	0.0989241993322616545072338300	0.0119520721905160307168255300	0.8018740427065501396522209200	0.0513742614949910095042383800	0	0.3426333822809593734703866900	0.0208036138849262957679505500	0.0284212022168537729145942900	1.2419936924927658744350879500	0	0.1720755755928003579171972300	0.0030271841133377732033662300	0	0
rubritalea spongiae	0	0	0	0	0	0	0	0	0	0	0	0.0706396095556126380683277700	0	0	0	0	0	0	0	0	0	0
listeria welshimeri	0	0	0	0	0	0	0	0	0	0	0	0	0	0	0	0	0	0	0	0	0	14.889253486464315012305168170
achromobacter xylosoxidans	0	0	0	0	0	0	0	0	0	0	0	0	0	0	0	0	0	0	0	0	0.0796295750140089067154274900	0
lactobacillus fermentum	0	0	0	0	0	0	0	0	0	0	0	0	0	0	0	0	0	0	0	0	0	14.034727919059338255400601590
leisingera phaeobacter caeruleus	0.0147723579637781782728159100	0.0298926852599168983349774300	0	0.035359542254652994310328200	0.0628223779923290570030419300	0.0820469186823872614561808700	0.0119239253562272700172896900	0.0250414749428741352865683800	0.064919005811796710770372200	0.0328681985239190844712702100	0.1201309427275730546295462100	0.0160544567171846904700744900	0	0.1468428781204111600587371500	0.0029719448407037565382786500	0	0.2340930519881652957050427500	0	0	0	0	0
tepidiphilus succinatimandens	0	0	0	0	0	0	0	0.0939055310357780073246314200	0	0	0	0	0	0	0	0	0	0	0	0	0	0
arcobacter	0	0	0	0	0.0165322047348234360534320900	0.024310198128114744135164700	0	0	0	0	0.0630687449319758536805117600	0.0192653480606216285640893900	0	0.0065263501386849404470549800	0.0267475035663338088445078500	0	0	0	0	0.0030271841133377732033662300	0	0
holosporales	0	0.0149463426299584491674887200	0	0	0	0.0030387747660143430168955900	0	0	0	0	0.0030032735681893263657386600	0.0192653480606216285640893900	0	0.0065263501386849404470549800	0	0	0	0	0	0	0	0
thalassolituus oleivorans	0.0177268295565338139273790900	0.0149463426299584491674887200	0	0	0.0132257637878587488427456700	0.0972407925124589765406588100	0	0	0	0	0.6096645343424332522449469900	0.0192653480606216285640893900	0	0.3067384565181922010115842700	0	0	1.5736255161426667100172318500	0	0	0	0	0
ferrimonas kyonanensis	0	0.0029892685259916898334977400	0	0	0.0231450866287528104748049200	0	0.8227508495796816311929887300	0	0	0.3167299130486748139958765400	0	0	0	0	0.0267475035663338088445078500	0	0.0130051695548980719836134900	0	0	0.021190288793364412423563600	0.002949243519037366915386200	0
rubribacterium	0	0	0	0	0	0	0	0	0	0	0	0	0	0.3002121063795072605645292900	0	0	0	0	0	0	0	0
ferrimonas futtsum	0	0.0059785370519833796669954900	0	0.035359542254652994310328200	4.4537759555614336727946038900	0	0.0924104215107613426339951100	0	0.1174724867070607147273401800	17.031702871485343771476379720	0.0150163678409466318286932800	0.0256871307474955047521191900	0	0.0032631750693424702235274900	12.488112220637184973846885400	0	4.4640244497187632083753291900	0	0.0825962762845441718002546700	13.298419809892837682387842830	0.002949243519037366915386200	0
haliea mediterranea	0	0	0.0089330911473066730190870400	0.0096435115239962711755440500	0	0	0	0	0	0	0	0	0	0	0	0	0	0.0863530239549684971375571700	0	0	0	0
cellulomonas bogoriensis	0	0	0	0	0	0	0	0.0657338717250446051272419900	0	0	0	0	0	0	0	0	0	0	0	0	0	0
methylophaga	0.0059089431855112713091263600	0.1016351298837174543389232700	0	2.6616091806229708444501591200	6.4475598465811400608385134200	0	0	0	16.529615432175095832818103130	0.1912331550482564914692084700	0	0	0	24.176864088758361886115190080	0.9272467902995720399429386600	0	0	0	11.880097738926936710603296970	0.4207785917539504752679057900	0	0
fusibacter	0	0.0149463426299584491674887200	0	0.0578610691439776270532643300	0.1487898426134109244808887700	0	0.0834674774935908901210278400	0	0.0772845307283294175837764300	5.2439716735889084770072011200	0.0120130942727573054629546200	0.006421782686873876188029800	0	0.0783162016642192853646598100	0.0208036138849262957679505500	0	0.6112429690802093832298338600	0	0.1273359259386722648587259500	0.0908155234001331961009868600	0	0
parvularculaceae	0	0	0.0476431527856355894351308700	0	0	0	0	0	0	0	0	0	0	0.4796867351933431228585413600	0	0	0	0	0	0	0	0
propionigenium maris	0.0029544715927556356545631800	0	0.0089330911473066730190870400	0	0.0066128818939293744213728300	0	61.288976331008167888869015680	0	0.129838011623593421540744400	0.3675262198583679445423850400	0.0090098207045679790972159700	0	0.0207333688762514069071737500	0	15.846409890632429862101759390	0	0	0	0	19.298298722528304171459708180	0	0
thalassotalea ganghwensis	0.0236357727420450852365054500	0.2391414820793351866798194500	0	0	0.1884671339769871710091257800	0.2187917831530326972164823100	0.0059619626781136350086448500	0	0.1545690614566588351675528600	0.0059760360952580153584127600	0.3063339039553112893053428200	0.0353198047778063190341638800	0	0.0163158753467123511176374600	0	0.1385533608071621429586471500	1.0079006405046005787300451900	0	0.1858416216402243865505730100	0	0	0
vibrio	0	0	0	0	0.8365295595820658643036635400	0	0.1401061229356704227031538800	0	0	1.3685122658140855170765231400	0	0	0	0	0	0	0.0032512923887245179959033700	0	0	0.6599261367076345583338378600	0	0
ralstonia	0	0	0	0	0	0	0	0	0	0	0	0	0	0	0	0.0035526502771067216143242900	0	0	0	0	0.2034978028135783171616480400	0
cytophagaceae	0	0	0	0	0.0165322047348234360534320900	0	0	0	0.0370965747495981204402126900	0	0	0	0	0	0	0	0	0	0	0	0	0
alteromonadaceae	0.0265902443348007208910686300	0.0059785370519833796669954900	0	0.0128580153653283615673920700	0.1256447559846581140060838500	0.1367448644706454357603014500	0	0	0.1020155805613948312105848900	0	0.0780851127729224855092050300	0.0160544567171846904700744900	0	0.1142111274269864578234622300	0	0	0	0	0.0103245345355680214750318300	0	0	0
thalassotalea thalassomonas ganghwensis	0	0	0	0	0	0.0151938738300717150844779400	0	0	0	0	0.0240261885455146109259092400	0	0	0	0	0	0.0975387716617355398771011500	0	0	0	0	0
fulvivirgaceae	0	0	0.0476431527856355894351308700	0	0	0	0	0	0	0	0	0	0	0	0	0	0	0	0	0	0	0
